12/22/2016 12:13:45 PM:903,-0.07748111,1.564105,0.3026857,352.4572,250.6297,1.453008,Head
12/22/2016 12:13:46 PM:109,-0.07986417,1.564083,0.3076721,352.2972,253.0277,0.5984268,Head
12/22/2016 12:13:46 PM:137,-0.0822131,1.563879,0.3068932,352.3952,253.3426,0.5871591,Head
12/22/2016 12:13:46 PM:204,-0.08355911,1.56374,0.3061922,352.4458,253.4888,0.6463748,Head
12/22/2016 12:13:46 PM:246,-0.08404098,1.563917,0.3058797,352.4435,253.4893,0.7135024,Head
12/22/2016 12:13:46 PM:281,-0.08456919,1.563989,0.3054519,352.4483,253.4793,0.7342671,Head
12/22/2016 12:13:46 PM:314,-0.0849978,1.563905,0.3052013,352.499,253.4673,0.7599406,Head
12/22/2016 12:13:46 PM:348,-0.08550745,1.56397,0.3049379,352.5215,253.4618,0.8232873,Head
12/22/2016 12:13:46 PM:383,-0.08591786,1.563969,0.3047991,352.5201,253.4805,0.8508915,Head
12/22/2016 12:13:46 PM:416,-0.08644843,1.563864,0.3045349,352.5728,253.5142,0.8644779,Head
12/22/2016 12:13:46 PM:449,-0.08669382,1.563931,0.3043268,352.5862,253.5756,0.8559256,Head
12/22/2016 12:13:46 PM:482,-0.08727661,1.563774,0.3041674,352.6323,253.6582,0.8383089,Head
12/22/2016 12:13:46 PM:515,-0.08728512,1.563731,0.304168,352.674,253.7194,0.812189,Head
12/22/2016 12:13:46 PM:550,-0.08768734,1.563675,0.3038756,352.6903,253.7677,0.7780555,Head
12/22/2016 12:13:46 PM:585,-0.08794111,1.563639,0.303586,352.7031,253.8168,0.7717464,Head
12/22/2016 12:13:46 PM:646,-0.08799681,1.563524,0.3035589,352.7464,253.9212,0.7725173,Head
12/22/2016 12:13:46 PM:674,-0.0885964,1.563505,0.3036133,352.7871,254.3466,0.8148764,Head
12/22/2016 12:13:46 PM:740,-0.08856516,1.563636,0.3039753,352.7722,254.8972,0.7220975,Head
12/22/2016 12:13:46 PM:789,-0.08857132,1.563746,0.3040204,352.6957,255.2046,0.6874748,Head
12/22/2016 12:13:46 PM:822,-0.08853742,1.563657,0.3040067,352.7113,255.5027,0.6754866,Head
12/22/2016 12:13:46 PM:874,-0.08853782,1.563671,0.3042616,352.7303,256.0435,0.7858099,Head
12/22/2016 12:13:46 PM:930,-0.0887282,1.563621,0.3045698,352.7762,256.3447,0.8456608,Head
12/22/2016 12:13:46 PM:964,-0.08898726,1.563619,0.3046112,352.817,256.5325,0.8932796,Head
12/22/2016 12:13:46 PM:996,-0.08929043,1.563619,0.3048012,352.8581,256.687,0.8769137,Head
12/22/2016 12:13:47 PM:30,-0.08943286,1.563511,0.3049343,352.9177,256.8381,0.8631642,Head
12/22/2016 12:13:47 PM:74,-0.08944812,1.563354,0.3050845,352.9773,256.9641,0.8520166,Head
12/22/2016 12:13:47 PM:115,-0.08982241,1.563359,0.3055067,352.9961,257.1513,0.8907523,Head
12/22/2016 12:13:47 PM:176,-0.09010395,1.563415,0.3059656,353,257.2491,0.9470383,Head
12/22/2016 12:13:47 PM:222,-0.09013267,1.563407,0.3059905,352.9527,257.2521,0.9952131,Head
12/22/2016 12:13:47 PM:255,-0.09025243,1.563389,0.3062309,352.9371,257.2513,1.024088,Head
12/22/2016 12:13:47 PM:287,-0.09028167,1.563464,0.3063722,352.9117,257.2709,1.036344,Head
12/22/2016 12:13:47 PM:321,-0.09020866,1.563607,0.3066724,352.8296,257.3255,1.036068,Head
12/22/2016 12:13:47 PM:355,-0.09014294,1.563676,0.306828,352.8264,257.3679,1.058989,Head
12/22/2016 12:13:47 PM:388,-0.09013002,1.563734,0.3071225,352.8044,257.4485,1.031648,Head
12/22/2016 12:13:47 PM:422,-0.08991645,1.563755,0.3074331,352.7388,257.5189,1.071854,Head
12/22/2016 12:13:47 PM:456,-0.08976337,1.563733,0.3075199,352.6991,257.5846,1.089311,Head
12/22/2016 12:13:47 PM:489,-0.08974215,1.563702,0.3076969,352.6618,257.6362,1.129935,Head
12/22/2016 12:13:47 PM:527,-0.08980092,1.563804,0.307867,352.6435,257.6664,1.162186,Head
12/22/2016 12:13:47 PM:558,-0.0897123,1.563843,0.3079739,352.6426,257.7131,1.201863,Head
12/22/2016 12:13:47 PM:591,-0.08952972,1.563811,0.3080583,352.5971,257.7827,1.255802,Head
12/22/2016 12:13:47 PM:623,-0.08959302,1.563989,0.3081622,352.5408,257.858,1.290966,Head
12/22/2016 12:13:47 PM:657,-0.08976036,1.563896,0.3083212,352.523,257.9351,1.318988,Head
12/22/2016 12:13:47 PM:691,-0.08975752,1.563848,0.3085309,352.5362,258.0193,1.317067,Head
12/22/2016 12:13:47 PM:724,-0.08972701,1.563927,0.308612,352.5625,258.0828,1.34716,Head
12/22/2016 12:13:47 PM:757,-0.08998114,1.563832,0.3087714,352.5425,258.1402,1.371905,Head
12/22/2016 12:13:47 PM:791,-0.0900823,1.563922,0.3089549,352.5261,258.1759,1.388555,Head
12/22/2016 12:13:47 PM:824,-0.09024095,1.563826,0.3091441,352.5321,258.1614,1.404031,Head
12/22/2016 12:13:47 PM:858,-0.09035628,1.563803,0.3095664,352.5257,258.1397,1.39561,Head
12/22/2016 12:13:47 PM:892,-0.09049278,1.563778,0.3097425,352.5334,258.1103,1.39316,Head
12/22/2016 12:13:47 PM:928,-0.09062497,1.563927,0.3101654,352.5332,258.0995,1.333941,Head
12/22/2016 12:13:47 PM:958,-0.09075086,1.563928,0.3106462,352.5604,258.1137,1.297767,Head
12/22/2016 12:13:47 PM:994,-0.09082166,1.563822,0.3111306,352.6573,258.121,1.26731,Head
12/22/2016 12:13:48 PM:32,-0.0911559,1.563805,0.3114663,352.7148,258.1534,1.205721,Head
12/22/2016 12:13:48 PM:72,-0.09133013,1.563809,0.3120083,352.7663,258.1499,1.168817,Head
12/22/2016 12:13:48 PM:137,-0.09140559,1.56378,0.3131714,352.761,258.16,1.084668,Head
12/22/2016 12:13:48 PM:198,-0.09134686,1.563846,0.313833,352.7604,258.2199,1.033542,Head
12/22/2016 12:13:48 PM:229,-0.09143797,1.563933,0.3145358,352.7313,258.2823,1.033311,Head
12/22/2016 12:13:48 PM:262,-0.09186363,1.563953,0.3151031,352.683,258.2969,0.9694936,Head
12/22/2016 12:13:48 PM:296,-0.0923619,1.564016,0.3156629,352.6507,258.2948,0.8101724,Head
12/22/2016 12:13:48 PM:327,-0.0926902,1.563963,0.3163244,352.6798,258.3765,0.6458925,Head
12/22/2016 12:13:48 PM:366,-0.09300184,1.563928,0.3169318,352.7491,258.4976,0.6553566,Head
12/22/2016 12:13:48 PM:398,-0.09357122,1.563875,0.3172231,352.8085,258.622,0.7167206,Head
12/22/2016 12:13:48 PM:427,-0.09392339,1.563843,0.3176802,352.8575,258.6838,0.7415764,Head
12/22/2016 12:13:48 PM:465,-0.0945002,1.563697,0.3179867,352.9329,258.7056,0.7414011,Head
12/22/2016 12:13:48 PM:496,-0.09492877,1.563793,0.3182586,352.9671,258.7194,0.7650502,Head
12/22/2016 12:13:48 PM:530,-0.09532253,1.563831,0.3184312,352.9693,258.7387,0.7690088,Head
12/22/2016 12:13:48 PM:562,-0.09600796,1.563776,0.318655,352.9175,258.781,0.8402768,Head
12/22/2016 12:13:48 PM:596,-0.09661388,1.563812,0.3187598,352.8755,258.8623,0.9419261,Head
12/22/2016 12:13:48 PM:630,-0.09684207,1.563947,0.3189554,352.9351,258.9242,0.9778823,Head
12/22/2016 12:13:48 PM:663,-0.09724873,1.56406,0.3191143,352.9177,258.9992,0.9813833,Head
12/22/2016 12:13:48 PM:697,-0.09757835,1.563975,0.3191681,352.9319,259.0453,1.006137,Head
12/22/2016 12:13:48 PM:739,-0.09820405,1.563852,0.3192921,352.967,259.0888,1.008104,Head
12/22/2016 12:13:48 PM:775,-0.09882572,1.563825,0.3193657,353.0168,259.1471,1.03754,Head
12/22/2016 12:13:48 PM:840,-0.1000749,1.563881,0.3198566,353.0955,259.213,1.09785,Head
12/22/2016 12:13:48 PM:888,-0.1004683,1.563913,0.3201565,353.053,259.283,1.092385,Head
12/22/2016 12:13:48 PM:921,-0.100736,1.563888,0.3204021,353.0317,259.3572,1.06666,Head
12/22/2016 12:13:48 PM:956,-0.1010139,1.563961,0.3208454,353.0241,259.4433,1.016188,Head
12/22/2016 12:13:48 PM:990,-0.1015434,1.56398,0.3212443,353.0358,259.5384,0.9790397,Head
12/22/2016 12:13:49 PM:26,-0.1019477,1.564035,0.3215365,353.0087,259.5829,0.9501755,Head
12/22/2016 12:13:49 PM:98,-0.1026475,1.564198,0.32223,352.9922,259.5967,0.9388631,Head
12/22/2016 12:13:49 PM:153,-0.1037376,1.564396,0.3226375,352.9381,259.6935,0.9520838,Head
12/22/2016 12:13:49 PM:220,-0.1046766,1.564398,0.322987,352.9254,259.9075,0.9559806,Head
12/22/2016 12:13:49 PM:272,-0.105045,1.564326,0.3231817,352.9458,260.0393,0.8727623,Head
12/22/2016 12:13:49 PM:309,-0.105523,1.564424,0.3232552,352.9192,260.1927,0.8525718,Head
12/22/2016 12:13:49 PM:365,-0.106243,1.564572,0.3229726,352.8922,260.4094,0.8370698,Head
12/22/2016 12:13:49 PM:432,-0.1066052,1.564574,0.3227217,352.8378,260.5264,0.8833379,Head
12/22/2016 12:13:49 PM:481,-0.1066632,1.564728,0.3223473,352.8023,260.5523,0.9476829,Head
12/22/2016 12:13:49 PM:516,-0.106876,1.5648,0.3221861,352.7596,260.5872,0.9551919,Head
12/22/2016 12:13:49 PM:550,-0.1069114,1.564773,0.3219845,352.7097,260.6234,0.9733706,Head
12/22/2016 12:13:49 PM:582,-0.1068853,1.564884,0.3217159,352.6786,260.6772,0.9600915,Head
12/22/2016 12:13:49 PM:615,-0.1070254,1.564987,0.3214624,352.6647,260.7484,0.9857455,Head
12/22/2016 12:13:49 PM:648,-0.1069394,1.564919,0.3213401,352.6835,260.8239,1.013893,Head
12/22/2016 12:13:49 PM:686,-0.1072895,1.564837,0.3210347,352.719,260.8979,1.004727,Head
12/22/2016 12:13:49 PM:732,-0.1089014,1.563403,0.3205711,353.4783,261.1987,0.9912009,Head
12/22/2016 12:13:49 PM:790,-0.1129777,1.556941,0.3204795,357.9669,262.0666,0.9031529,Head
12/22/2016 12:13:49 PM:857,-0.1186694,1.545045,0.3206616,5.485444,263.2193,0.7262787,Head
12/22/2016 12:13:49 PM:904,-0.1214353,1.536538,0.3209852,10.37082,263.9789,0.6964402,Head
12/22/2016 12:13:49 PM:940,-0.123155,1.527898,0.3215541,15.38809,264.7779,0.7072553,Head
12/22/2016 12:13:49 PM:972,-0.125177,1.519553,0.3222056,19.79552,265.6018,0.7637843,Head
12/22/2016 12:13:50 PM:7,-0.1273343,1.511173,0.3227476,23.79234,266.4488,0.8389896,Head
12/22/2016 12:13:50 PM:45,-0.1284343,1.503208,0.3236085,27.83467,267.3179,1.217167,Head
12/22/2016 12:13:50 PM:83,-0.13124,1.493302,0.3249723,32.12917,268.9128,1.814529,Head
12/22/2016 12:13:50 PM:147,-0.1336326,1.483907,0.3261594,35.88933,270.386,2.773041,Head
12/22/2016 12:13:50 PM:196,-0.1340625,1.48079,0.3264477,37.30211,270.8484,3.177013,Head
12/22/2016 12:13:50 PM:230,-0.1347485,1.478169,0.3264416,38.33252,271.036,3.443795,Head
12/22/2016 12:13:50 PM:272,-0.1349428,1.475691,0.3259842,39.32974,270.9251,3.40371,Head
12/22/2016 12:13:50 PM:326,-0.1331673,1.471314,0.3244405,41.03848,270.2943,3.383198,Head
12/22/2016 12:13:50 PM:383,-0.1320534,1.468543,0.3231729,41.89608,269.6358,3.408007,Head
12/22/2016 12:13:50 PM:418,-0.1307282,1.467149,0.322164,42.38009,269.147,3.3571,Head
12/22/2016 12:13:50 PM:451,-0.1289538,1.466953,0.3213496,42.51163,268.6334,3.234152,Head
12/22/2016 12:13:50 PM:488,-0.1269792,1.468871,0.3207036,41.89428,268.3439,3.13696,Head
12/22/2016 12:13:50 PM:557,-0.1246119,1.474696,0.3202775,39.46167,268.268,3.053894,Head
12/22/2016 12:13:50 PM:627,-0.1217367,1.487921,0.3200251,33.25636,268.4407,2.744751,Head
12/22/2016 12:13:50 PM:715,-0.1167108,1.506366,0.3201399,24.52386,268.502,2.246405,Head
12/22/2016 12:13:50 PM:761,-0.108894,1.533995,0.3206375,10.14303,268.6583,1.834017,Head
12/22/2016 12:13:50 PM:830,-0.1020963,1.549498,0.3205159,1.382992,268.7902,2.069755,Head
12/22/2016 12:13:50 PM:879,-0.09845032,1.555076,0.3202608,357.9934,268.8546,2.215058,Head
12/22/2016 12:13:50 PM:920,-0.09526442,1.55937,0.320079,355.1988,268.9385,2.278401,Head
12/22/2016 12:13:50 PM:975,-0.08861582,1.564894,0.3196593,350.9097,269.0214,2.47549,Head
12/22/2016 12:13:51 PM:41,-0.08544543,1.566589,0.3188303,349.2103,268.9994,2.624783,Head
12/22/2016 12:13:51 PM:92,-0.08469069,1.567043,0.3181023,348.7505,269.0047,2.556429,Head
12/22/2016 12:13:51 PM:147,-0.08414595,1.567304,0.3175789,348.4879,269.0454,2.443153,Head
12/22/2016 12:13:51 PM:201,-0.08403403,1.565727,0.3161906,349.4436,269.2723,2.078372,Head
12/22/2016 12:13:51 PM:253,-0.08618023,1.561767,0.3155883,352.4205,269.6902,1.689829,Head
12/22/2016 12:13:51 PM:320,-0.08881687,1.554511,0.3150845,357.6852,270.1469,1.647225,Head
12/22/2016 12:13:51 PM:372,-0.09022439,1.550034,0.3149107,0.7915865,270.3374,1.613917,Head
12/22/2016 12:13:51 PM:416,-0.09262687,1.543819,0.3144186,4.667209,270.3542,1.424968,Head
12/22/2016 12:13:51 PM:469,-0.09655013,1.533006,0.313624,10.96526,270.2336,1.191318,Head
12/22/2016 12:13:51 PM:533,-0.1003795,1.52006,0.3122682,17.99179,270.0324,2.353518,Head
12/22/2016 12:13:51 PM:591,-0.1029693,1.511232,0.3106616,22.46347,269.6329,3.393806,Head
12/22/2016 12:13:51 PM:631,-0.1047388,1.505778,0.3093641,25.21326,269.1697,3.86028,Head
12/22/2016 12:13:51 PM:688,-0.1078227,1.498735,0.3071691,28.81299,268.4255,4.471192,Head
12/22/2016 12:13:51 PM:764,-0.1098427,1.504473,0.306474,26.52478,268.037,3.971065,Head
12/22/2016 12:13:51 PM:832,-0.110476,1.51673,0.3068549,20.42203,268.0786,2.957909,Head
12/22/2016 12:13:51 PM:899,-0.1096477,1.528891,0.3088258,14.25741,268.8331,1.60636,Head
12/22/2016 12:13:51 PM:966,-0.1076907,1.540095,0.3123869,8.10045,270.1789,0.0939212,Head
12/22/2016 12:13:52 PM:31,-0.1049717,1.550402,0.3158426,1.830267,271.6732,359.4148,Head
12/22/2016 12:13:52 PM:95,-0.1007921,1.559177,0.318289,356.0495,272.9109,359.5487,Head
12/22/2016 12:13:52 PM:177,-0.09574682,1.566098,0.3198074,350.8729,273.5661,0.1386665,Head
12/22/2016 12:13:52 PM:254,-0.09124519,1.571862,0.3189594,346.5978,272.9718,1.20509,Head
12/22/2016 12:13:52 PM:303,-0.08737665,1.574748,0.3177373,344.3328,272.09,1.813584,Head
12/22/2016 12:13:52 PM:370,-0.08469737,1.574971,0.3169938,343.5742,271.4122,1.878947,Head
12/22/2016 12:13:52 PM:429,-0.08325952,1.574498,0.3168938,343.7325,271.2106,1.710503,Head
12/22/2016 12:13:52 PM:472,-0.08281073,1.573953,0.3169237,344.0479,271.1512,1.557595,Head
12/22/2016 12:13:52 PM:511,-0.08183039,1.572642,0.317112,344.9271,271.1652,1.318013,Head
12/22/2016 12:13:52 PM:571,-0.08076921,1.570708,0.3176958,346.5056,271.4381,0.9583263,Head
12/22/2016 12:13:52 PM:622,-0.08028664,1.569918,0.3182732,347.1289,271.6463,0.9072431,Head
12/22/2016 12:13:52 PM:661,-0.08006053,1.569291,0.3188309,347.593,271.8621,0.904673,Head
12/22/2016 12:13:52 PM:716,-0.07885365,1.567992,0.3200073,348.6835,272.3654,0.7983887,Head
12/22/2016 12:13:52 PM:788,-0.07820742,1.567046,0.3213387,349.4158,272.7999,0.5759069,Head
12/22/2016 12:13:52 PM:833,-0.07795285,1.566513,0.3218968,349.707,273.0215,0.4552415,Head
12/22/2016 12:13:52 PM:875,-0.07783391,1.565888,0.3225747,350.0701,273.2415,0.2629762,Head
12/22/2016 12:13:52 PM:915,-0.07765035,1.564898,0.3234639,350.7572,273.5314,0.1147035,Head
12/22/2016 12:13:52 PM:973,-0.07762448,1.56393,0.3242157,351.4398,273.7383,0.03697173,Head
12/22/2016 12:13:53 PM:40,-0.07802123,1.563612,0.324572,351.826,273.6902,0.1194467,Head
12/22/2016 12:13:53 PM:99,-0.07847118,1.563404,0.3247146,351.9702,273.5824,0.1753062,Head
12/22/2016 12:13:53 PM:139,-0.07883178,1.562955,0.3247181,352.3533,273.4429,0.2189577,Head
12/22/2016 12:13:53 PM:197,-0.07984993,1.563001,0.3246392,352.4723,273.2966,0.2759475,Head
12/22/2016 12:13:53 PM:263,-0.08084758,1.562812,0.3247509,352.752,273.1476,0.3564421,Head
12/22/2016 12:13:53 PM:316,-0.08130446,1.562628,0.3249696,352.8286,273.0431,0.3820325,Head
12/22/2016 12:13:53 PM:359,-0.08204763,1.562311,0.324992,353.0436,272.8483,0.4904556,Head
12/22/2016 12:13:53 PM:420,-0.08273375,1.562063,0.3253539,353.251,272.6362,0.5161405,Head
12/22/2016 12:13:53 PM:470,-0.08278275,1.562195,0.3255573,353.2423,272.5834,0.5365237,Head
12/22/2016 12:13:53 PM:510,-0.08298569,1.562284,0.3257694,353.2744,272.5282,0.5494465,Head
12/22/2016 12:13:53 PM:565,-0.08368851,1.562015,0.3262336,353.3808,272.4952,0.5026797,Head
12/22/2016 12:13:53 PM:632,-0.08401167,1.561947,0.3266525,353.5097,272.4652,0.4702168,Head
12/22/2016 12:13:53 PM:683,-0.08436748,1.561843,0.3267767,353.5912,272.4529,0.457956,Head
12/22/2016 12:13:53 PM:731,-0.08437631,1.561857,0.3267798,353.5956,272.4207,0.468496,Head
12/22/2016 12:13:53 PM:800,-0.08467115,1.561867,0.3269071,353.6112,272.231,0.509434,Head
12/22/2016 12:13:53 PM:860,-0.08496307,1.561917,0.3268176,353.5575,272.0023,0.4340605,Head
12/22/2016 12:13:53 PM:923,-0.08513972,1.562175,0.3269922,353.5642,271.8323,0.4163866,Head
12/22/2016 12:13:53 PM:974,-0.08535731,1.562363,0.3269256,353.512,271.7789,0.4945279,Head
12/22/2016 12:13:54 PM:26,-0.08578223,1.562388,0.3270279,353.5883,271.7086,0.5032708,Head
12/22/2016 12:13:54 PM:87,-0.08611675,1.562243,0.3271199,353.7433,271.508,0.5462127,Head
12/22/2016 12:13:54 PM:146,-0.08640012,1.562099,0.3274064,353.8516,271.3365,0.6140714,Head
12/22/2016 12:13:54 PM:213,-0.08665754,1.561999,0.3277622,353.8809,271.1291,0.6499058,Head
12/22/2016 12:13:54 PM:265,-0.08690931,1.561775,0.3278693,353.9286,271.0625,0.6322037,Head
12/22/2016 12:13:54 PM:310,-0.08724722,1.561638,0.3281945,353.9688,270.9539,0.6393662,Head
12/22/2016 12:13:54 PM:369,-0.08747956,1.561539,0.3286702,354.0372,270.7945,0.6803949,Head
12/22/2016 12:13:54 PM:436,-0.08758954,1.561552,0.3293069,354.126,270.5946,0.6913962,Head
12/22/2016 12:13:54 PM:488,-0.08770399,1.56157,0.3296685,354.1354,270.5071,0.6864897,Head
12/22/2016 12:13:54 PM:536,-0.08810055,1.56149,0.3301246,354.1183,270.442,0.6335886,Head
12/22/2016 12:13:54 PM:593,-0.08834282,1.561749,0.3310686,354.0669,270.3497,0.555505,Head
12/22/2016 12:13:54 PM:668,-0.08876492,1.561762,0.3318164,353.9208,270.2922,0.4394604,Head
12/22/2016 12:13:54 PM:736,-0.08930548,1.561751,0.3327972,353.9005,270.2684,0.3276625,Head
12/22/2016 12:13:54 PM:794,-0.09002011,1.561399,0.3338404,354.0087,270.2532,0.2539721,Head
12/22/2016 12:13:54 PM:865,-0.09059863,1.561739,0.3348151,353.9163,270.2146,0.2434323,Head
12/22/2016 12:13:54 PM:932,-0.09102428,1.561716,0.3353029,353.8616,270.1971,0.1579313,Head
12/22/2016 12:13:54 PM:969,-0.09157068,1.561706,0.3362338,353.9067,270.2049,0.1007455,Head
12/22/2016 12:13:55 PM:28,-0.09248966,1.561643,0.3370002,354.0586,270.1958,0.08603486,Head
12/22/2016 12:13:55 PM:95,-0.09309076,1.5616,0.3376794,354.1431,270.0955,0.09110861,Head
12/22/2016 12:13:55 PM:144,-0.09351428,1.561558,0.337842,354.1482,270.0399,0.07005327,Head
12/22/2016 12:13:55 PM:181,-0.09375152,1.561476,0.3379884,354.1383,269.9971,0.05873789,Head
12/22/2016 12:13:55 PM:230,-0.09408577,1.561666,0.3386217,354.1212,269.9748,359.9881,Head
12/22/2016 12:13:55 PM:286,-0.09454706,1.561643,0.3391752,354.2217,269.9674,359.9791,Head
12/22/2016 12:13:55 PM:352,-0.09521358,1.561521,0.3397894,354.2993,269.9101,0.0428024,Head
12/22/2016 12:13:55 PM:399,-0.09522658,1.561483,0.3398793,354.3596,269.8652,0.07200758,Head
12/22/2016 12:13:55 PM:437,-0.09547549,1.561417,0.3401468,354.3978,269.8195,0.06099186,Head
12/22/2016 12:13:55 PM:478,-0.09564979,1.561311,0.3404194,354.4459,269.7722,0.06759149,Head
12/22/2016 12:13:55 PM:531,-0.09554,1.561603,0.341132,354.45,269.7886,0.04317989,Head
12/22/2016 12:13:55 PM:592,-0.09543738,1.561514,0.3415065,354.4429,269.8348,359.9817,Head
12/22/2016 12:13:55 PM:636,-0.09529596,1.561514,0.3417889,354.4522,269.907,359.9021,Head
12/22/2016 12:13:55 PM:689,-0.09537843,1.561482,0.3424584,354.4241,270.014,359.8671,Head
12/22/2016 12:13:55 PM:754,-0.09503558,1.561669,0.3426321,354.3411,269.9148,359.9417,Head
12/22/2016 12:13:55 PM:804,-0.09471923,1.561767,0.3426746,354.3308,269.8997,-0.003694848,Head
12/22/2016 12:13:55 PM:848,-0.0945901,1.561815,0.3426191,354.3095,269.8803,0.01645325,Head
12/22/2016 12:13:55 PM:900,-0.09439227,1.56178,0.3422921,354.2627,269.8355,-0.004558294,Head
12/22/2016 12:13:55 PM:967,-0.09420826,1.56163,0.3417584,354.2903,269.7737,359.9935,Head
12/22/2016 12:13:56 PM:17,-0.09413531,1.561651,0.3414823,354.2732,269.7356,0.04780789,Head
12/22/2016 12:13:56 PM:58,-0.09386162,1.561723,0.3411992,354.2839,269.6877,0.08093595,Head
12/22/2016 12:13:56 PM:112,-0.09308831,1.561685,0.3402855,354.2828,269.5085,0.1872377,Head
12/22/2016 12:13:56 PM:178,-0.09245761,1.561605,0.3395244,354.2908,269.368,0.2662244,Head
12/22/2016 12:13:56 PM:233,-0.09211181,1.561618,0.339165,354.2416,269.3513,0.2851323,Head
12/22/2016 12:13:56 PM:275,-0.09180732,1.561792,0.338692,354.184,269.3132,0.3079081,Head
12/22/2016 12:13:56 PM:335,-0.09120188,1.561838,0.3378612,354.0891,269.2433,0.3108965,Head
12/22/2016 12:13:56 PM:382,-0.09099665,1.561911,0.3378025,354.0379,269.2148,0.3438936,Head
12/22/2016 12:13:56 PM:420,-0.09078579,1.561872,0.3374448,354.0161,269.1444,0.3948074,Head
12/22/2016 12:13:56 PM:463,-0.09059819,1.561979,0.3371449,353.955,269.0242,0.4353367,Head
12/22/2016 12:13:56 PM:514,-0.09037852,1.562142,0.3365336,353.8687,268.847,0.4780673,Head
12/22/2016 12:13:56 PM:580,-0.09021057,1.562235,0.3362375,353.7499,268.7379,0.5080283,Head
12/22/2016 12:13:56 PM:640,-0.09042623,1.562287,0.3361204,353.7159,268.6792,0.5219771,Head
12/22/2016 12:13:56 PM:685,-0.0904175,1.562501,0.3360163,353.6547,268.6396,0.493679,Head
12/22/2016 12:13:56 PM:739,-0.09021527,1.562628,0.3360298,353.6137,268.61,0.4917492,Head
12/22/2016 12:13:56 PM:804,-0.09069726,1.562668,0.3362012,353.6162,268.5399,0.5113877,Head
12/22/2016 12:13:56 PM:868,-0.09103674,1.562531,0.3361626,353.6156,268.4747,0.522745,Head
12/22/2016 12:13:56 PM:915,-0.09127018,1.562722,0.3361867,353.562,268.4233,0.4997643,Head
12/22/2016 12:13:56 PM:972,-0.0914536,1.562886,0.3360661,353.5144,268.4074,0.4548259,Head
12/22/2016 12:13:57 PM:45,-0.09174671,1.563069,0.3360756,353.458,268.3959,0.4082647,Head
12/22/2016 12:13:57 PM:92,-0.09190803,1.562976,0.3359863,353.4453,268.3628,0.4411767,Head
12/22/2016 12:13:57 PM:134,-0.09266634,1.562797,0.3357864,353.4771,268.2823,0.4658994,Head
12/22/2016 12:13:57 PM:196,-0.09562157,1.560374,0.3352006,354.9882,268.0593,0.7099691,Head
12/22/2016 12:13:57 PM:246,-0.09835581,1.557189,0.3346445,356.9807,267.9195,0.9196621,Head
12/22/2016 12:13:57 PM:287,-0.1030006,1.551056,0.3339528,0.7286386,267.6857,1.196769,Head
12/22/2016 12:13:57 PM:340,-0.1120326,1.535386,0.3325442,9.511486,267.4118,1.384349,Head
12/22/2016 12:13:57 PM:407,-0.1201583,1.511148,0.3302035,22.04563,266.8905,1.990097,Head
12/22/2016 12:13:57 PM:470,-0.1245388,1.495046,0.3287517,29.30717,266.7218,2.602399,Head
12/22/2016 12:13:57 PM:514,-0.1286072,1.479641,0.3270303,35.80385,266.6968,3.137205,Head
12/22/2016 12:13:57 PM:565,-0.1316591,1.460482,0.3249647,44.27419,266.6357,3.803604,Head
12/22/2016 12:13:57 PM:631,-0.1320812,1.454989,0.3237243,47.55581,266.2885,3.929408,Head
12/22/2016 12:13:57 PM:699,-0.1317221,1.464286,0.3230219,44.65349,265.6308,3.454732,Head
12/22/2016 12:13:57 PM:742,-0.1310954,1.481275,0.3223582,36.90298,264.9948,2.829632,Head
12/22/2016 12:13:57 PM:799,-0.1251723,1.503686,0.3231876,27.19715,264.6551,2.265654,Head
12/22/2016 12:13:57 PM:865,-0.117867,1.52535,0.3244013,16.12278,264.5616,1.953562,Head
12/22/2016 12:13:57 PM:915,-0.1124233,1.534418,0.3252103,11.38086,264.4402,2.039357,Head
12/22/2016 12:13:57 PM:952,-0.1076637,1.54295,0.3259869,6.66449,264.4064,2.074535,Head
12/22/2016 12:13:57 PM:993,-0.100459,1.555038,0.3269833,359.1453,264.1176,2.291606,Head
12/22/2016 12:13:58 PM:55,-0.0931183,1.565575,0.327984,351.7472,263.7128,2.482079,Head
12/22/2016 12:13:58 PM:105,-0.09051602,1.568859,0.3286138,348.9726,263.4621,2.551597,Head
12/22/2016 12:13:58 PM:146,-0.08798018,1.571712,0.3291937,346.6035,263.2416,2.58631,Head
12/22/2016 12:13:58 PM:200,-0.08447538,1.575162,0.3302212,343.2733,262.8695,2.379479,Head
12/22/2016 12:13:58 PM:273,-0.0851586,1.573464,0.3306394,344.2923,262.8566,1.995411,Head
12/22/2016 12:13:58 PM:317,-0.08686942,1.571029,0.3309062,345.9891,263.0033,1.81711,Head
12/22/2016 12:13:58 PM:359,-0.08894505,1.567998,0.3307325,348.2002,263.15,1.608204,Head
12/22/2016 12:13:58 PM:413,-0.09525983,1.556441,0.3301243,356.3145,263.536,1.205227,Head
12/22/2016 12:13:58 PM:481,-0.1003669,1.539541,0.3291912,7.125788,263.9211,0.8029644,Head
12/22/2016 12:13:58 PM:533,-0.1023028,1.529603,0.3284427,12.81326,264.1628,0.3552069,Head
12/22/2016 12:13:58 PM:582,-0.1049621,1.512923,0.327554,21.96437,264.9987,359.9162,Head
12/22/2016 12:13:58 PM:637,-0.1082628,1.498989,0.3268393,28.63813,266.3042,0.9778025,Head
12/22/2016 12:13:58 PM:703,-0.111571,1.489202,0.3255516,32.08674,266.8859,2.333341,Head
12/22/2016 12:13:58 PM:760,-0.1116711,1.484437,0.3243977,34.43713,266.6436,2.23464,Head
12/22/2016 12:13:58 PM:798,-0.1129748,1.478321,0.3226352,36.70351,266.0508,2.082881,Head
12/22/2016 12:13:58 PM:865,-0.1131313,1.47548,0.3206162,38.01925,265.4469,2.19632,Head
12/22/2016 12:13:58 PM:908,-0.1126122,1.478463,0.3197235,37.16121,265.1746,2.294264,Head
12/22/2016 12:13:58 PM:945,-0.1121619,1.48349,0.3187728,35.018,264.8186,2.322273,Head
12/22/2016 12:13:58 PM:988,-0.1114163,1.494624,0.3172969,29.89906,264.1233,2.126914,Head
12/22/2016 12:13:59 PM:50,-0.1084147,1.510077,0.3161293,22.72674,263.4297,2.050132,Head
12/22/2016 12:13:59 PM:109,-0.1058279,1.520208,0.3157118,17.63601,263.0849,2.031425,Head
12/22/2016 12:13:59 PM:148,-0.103892,1.527456,0.3155913,13.85971,262.8985,1.934743,Head
12/22/2016 12:13:59 PM:190,-0.1003541,1.538927,0.3155153,7.684975,262.7245,1.932015,Head
12/22/2016 12:13:59 PM:250,-0.09588972,1.55068,0.315596,0.6795087,262.5944,2.047991,Head
12/22/2016 12:13:59 PM:300,-0.09344876,1.555326,0.3157293,357.7492,262.5514,2.260178,Head
12/22/2016 12:13:59 PM:337,-0.0918639,1.558938,0.315457,355.3066,262.4283,2.44682,Head
12/22/2016 12:13:59 PM:396,-0.09018204,1.562243,0.3147493,352.9106,262.1876,2.456076,Head
12/22/2016 12:13:59 PM:462,-0.09228271,1.55821,0.3144872,355.3691,262.195,1.966994,Head
12/22/2016 12:13:59 PM:510,-0.09414007,1.554195,0.3143227,357.9654,262.3135,1.753356,Head
12/22/2016 12:13:59 PM:557,-0.09574066,1.550082,0.3142919,0.6369501,262.5075,1.611942,Head
12/22/2016 12:13:59 PM:603,-0.09777895,1.541723,0.3141379,5.994423,262.9193,1.457839,Head
12/22/2016 12:13:59 PM:653,-0.1005022,1.53161,0.3139404,11.95499,263.3141,1.346151,Head
12/22/2016 12:13:59 PM:719,-0.1022244,1.524618,0.3134438,16.25227,263.4294,1.221643,Head
12/22/2016 12:13:59 PM:782,-0.1030347,1.522664,0.3131489,17.38501,263.3805,1.173879,Head
12/22/2016 12:13:59 PM:824,-0.1037738,1.522761,0.3131109,17.51277,263.2947,1.12282,Head
12/22/2016 12:13:59 PM:876,-0.1043031,1.525213,0.3129504,16.48187,263.1939,1.08647,Head
12/22/2016 12:13:59 PM:938,-0.1046162,1.530518,0.3130623,13.76661,263.1572,0.972665,Head
12/22/2016 12:13:59 PM:975,-0.1041788,1.537616,0.3132634,9.775945,263.1666,0.8703654,Head
12/22/2016 12:14:00 PM:32,-0.1023577,1.547575,0.3139271,3.995071,263.243,1.050347,Head
12/22/2016 12:14:00 PM:93,-0.1006391,1.552822,0.3146321,0.5911618,263.3269,1.173176,Head
12/22/2016 12:14:00 PM:133,-0.09884508,1.557142,0.315055,357.6636,263.3292,1.322238,Head
12/22/2016 12:14:00 PM:189,-0.09678318,1.561498,0.3156343,354.5237,263.247,1.418238,Head
12/22/2016 12:14:00 PM:252,-0.09611528,1.563204,0.3158364,353.0926,263.0981,1.604844,Head
12/22/2016 12:14:00 PM:300,-0.09554228,1.565197,0.3158118,351.6058,262.9174,1.817869,Head
12/22/2016 12:14:00 PM:361,-0.09435597,1.568241,0.3160327,349.2438,262.7162,2.255657,Head
12/22/2016 12:14:00 PM:423,-0.09328493,1.570394,0.3163667,347.4474,262.5095,2.557758,Head
12/22/2016 12:14:00 PM:473,-0.09247467,1.570857,0.3165922,347.0742,262.3399,2.470995,Head
12/22/2016 12:14:00 PM:515,-0.09151077,1.571314,0.3168327,346.5731,262.1265,2.34453,Head
12/22/2016 12:14:00 PM:568,-0.09060968,1.571765,0.3174948,346.1404,261.9198,2.214873,Head
12/22/2016 12:14:00 PM:640,-0.09044951,1.57174,0.3178419,346.0867,261.8456,2.234526,Head
12/22/2016 12:14:00 PM:680,-0.08995765,1.571354,0.3180505,346.2513,261.6512,2.282224,Head
12/22/2016 12:14:00 PM:747,-0.09002986,1.570964,0.3183295,346.3687,261.4279,2.262063,Head
12/22/2016 12:14:00 PM:809,-0.08997284,1.57094,0.318744,346.5238,261.3135,2.230077,Head
12/22/2016 12:14:00 PM:852,-0.08982876,1.57067,0.3189242,346.6791,261.2534,2.180482,Head
12/22/2016 12:14:00 PM:904,-0.08954513,1.570229,0.3192774,346.9905,261.2511,2.194849,Head
12/22/2016 12:14:00 PM:971,-0.08927554,1.569838,0.3193492,347.1266,261.1822,2.19806,Head
12/22/2016 12:14:01 PM:34,-0.08866108,1.569696,0.319528,347.2651,261.0665,2.11827,Head
12/22/2016 12:14:01 PM:77,-0.0883293,1.569643,0.3196697,347.3971,260.9188,2.072452,Head
12/22/2016 12:14:01 PM:138,-0.08788153,1.56936,0.3197129,347.5297,260.7309,2.09549,Head
12/22/2016 12:14:01 PM:200,-0.08772893,1.569389,0.3201786,347.6457,260.6501,2.032899,Head
12/22/2016 12:14:01 PM:252,-0.08771451,1.569302,0.3203932,347.7351,260.558,1.996789,Head
12/22/2016 12:14:01 PM:305,-0.08780925,1.569195,0.3208229,347.9344,260.4402,1.910159,Head
12/22/2016 12:14:01 PM:373,-0.0884262,1.568862,0.3214957,348.0189,260.3857,1.785881,Head
12/22/2016 12:14:01 PM:436,-0.0884373,1.568921,0.3218762,348.0241,260.3482,1.791185,Head
12/22/2016 12:14:01 PM:480,-0.08883746,1.569037,0.3220568,348.0336,260.2681,1.82695,Head
12/22/2016 12:14:01 PM:541,-0.08927106,1.56882,0.3218226,348.2691,260.1805,1.785312,Head
12/22/2016 12:14:01 PM:608,-0.08936962,1.56885,0.3217331,348.2673,260.11,1.839109,Head
12/22/2016 12:14:01 PM:649,-0.08940706,1.568955,0.3216715,348.192,260.0591,1.914857,Head
12/22/2016 12:14:01 PM:708,-0.08928493,1.568992,0.3217451,348.1327,259.9967,1.939895,Head
12/22/2016 12:14:01 PM:776,-0.08910923,1.569112,0.3219565,348.1413,259.9757,1.988127,Head
12/22/2016 12:14:01 PM:825,-0.08895571,1.56907,0.3219151,348.1422,259.9579,1.979023,Head
12/22/2016 12:14:01 PM:871,-0.08901446,1.569047,0.3221752,348.1263,259.9055,1.935748,Head
12/22/2016 12:14:01 PM:920,-0.08890115,1.569066,0.322596,348.0724,259.8538,1.896243,Head
12/22/2016 12:14:01 PM:987,-0.08842663,1.569178,0.3230779,348.0291,259.8484,1.839588,Head
12/22/2016 12:14:02 PM:57,-0.08783728,1.569094,0.3232158,347.9988,259.8362,1.817162,Head
12/22/2016 12:14:02 PM:137,-0.08770509,1.569173,0.3235407,347.9505,259.7643,1.795913,Head
12/22/2016 12:14:02 PM:200,-0.0877219,1.569461,0.3236316,347.8486,259.5802,1.797301,Head
12/22/2016 12:14:02 PM:269,-0.08763137,1.569519,0.323649,347.7352,259.4602,1.802404,Head
12/22/2016 12:14:02 PM:318,-0.0875133,1.569461,0.3237311,347.6921,259.4204,1.799292,Head
12/22/2016 12:14:02 PM:363,-0.08765219,1.56954,0.3238806,347.6881,259.3665,1.787956,Head
12/22/2016 12:14:02 PM:423,-0.08777121,1.569737,0.3237698,347.6165,259.3025,1.851026,Head
12/22/2016 12:14:02 PM:488,-0.08775578,1.569747,0.323944,347.5336,259.2525,1.858505,Head
12/22/2016 12:14:02 PM:531,-0.08826717,1.569823,0.3239364,347.51,259.2452,1.865976,Head
12/22/2016 12:14:02 PM:590,-0.08871857,1.569942,0.3241257,347.4887,259.3137,1.888814,Head
12/22/2016 12:14:02 PM:644,-0.08907641,1.56985,0.3240064,347.526,259.3409,1.896471,Head
12/22/2016 12:14:02 PM:684,-0.08969112,1.569801,0.3239193,347.5688,259.3246,1.884452,Head
12/22/2016 12:14:02 PM:758,-0.08996855,1.56988,0.3239148,347.6418,259.2618,1.892359,Head
12/22/2016 12:14:02 PM:814,-0.09039287,1.569907,0.3240174,347.6661,259.1952,1.97064,Head
12/22/2016 12:14:02 PM:881,-0.09101027,1.570005,0.3242292,347.6455,259.1564,1.933368,Head
12/22/2016 12:14:02 PM:932,-0.09115881,1.569928,0.3243563,347.6541,259.1416,1.919302,Head
12/22/2016 12:14:02 PM:977,-0.09149823,1.569858,0.3241272,347.6894,259.123,1.929524,Head
12/22/2016 12:14:03 PM:26,-0.09179833,1.569763,0.3241904,347.7134,259.0529,1.924561,Head
12/22/2016 12:14:03 PM:93,-0.09219689,1.569893,0.3242276,347.7489,258.9561,1.973536,Head
12/22/2016 12:14:03 PM:154,-0.09245601,1.569936,0.3242677,347.7421,258.9112,1.992824,Head
12/22/2016 12:14:03 PM:201,-0.09251578,1.570039,0.3244132,347.7055,258.8903,1.947955,Head
12/22/2016 12:14:03 PM:250,-0.09258363,1.570068,0.3245248,347.6705,258.8587,1.915516,Head
12/22/2016 12:14:03 PM:316,-0.09266566,1.570215,0.3250458,347.6869,258.8403,1.905513,Head
12/22/2016 12:14:03 PM:379,-0.09285306,1.570152,0.3253733,347.6842,258.8239,1.902312,Head
12/22/2016 12:14:03 PM:424,-0.09324149,1.570093,0.3256234,347.6435,258.8102,1.889762,Head
12/22/2016 12:14:03 PM:472,-0.09388966,1.57019,0.3260382,347.6466,258.8182,1.858866,Head
12/22/2016 12:14:03 PM:540,-0.09455112,1.570193,0.3268879,347.7354,258.8676,1.711895,Head
12/22/2016 12:14:03 PM:603,-0.09487905,1.570072,0.3272356,347.8315,258.919,1.664521,Head
12/22/2016 12:14:03 PM:647,-0.09533728,1.569879,0.3277789,347.9679,258.9106,1.662505,Head
12/22/2016 12:14:03 PM:707,-0.09610026,1.569853,0.3282956,348.1634,258.8395,1.660337,Head
12/22/2016 12:14:03 PM:771,-0.09636465,1.569799,0.3287606,348.3385,258.809,1.645683,Head
12/22/2016 12:14:03 PM:819,-0.09695834,1.569689,0.3292305,348.4706,258.8344,1.628563,Head
12/22/2016 12:14:03 PM:880,-0.09779894,1.570238,0.3295908,348.1327,258.8637,1.610565,Head
12/22/2016 12:14:03 PM:942,-0.09740303,1.571766,0.33031,347.0738,258.861,1.570792,Head
12/22/2016 12:14:03 PM:993,-0.09733883,1.572597,0.3305076,346.4404,258.8544,1.566022,Head
12/22/2016 12:14:04 PM:45,-0.09698563,1.573463,0.3310086,345.7724,258.8506,1.515272,Head
12/22/2016 12:14:04 PM:101,-0.09767734,1.573873,0.3313497,345.4308,258.8911,1.365917,Head
12/22/2016 12:14:04 PM:165,-0.09985103,1.571315,0.3314845,347.557,259.0363,1.231298,Head
12/22/2016 12:14:04 PM:216,-0.1015765,1.569034,0.3314072,349.3217,259.1773,1.232128,Head
12/22/2016 12:14:04 PM:261,-0.1039531,1.565174,0.3311905,352.1608,259.3707,1.195949,Head
12/22/2016 12:14:04 PM:311,-0.1070974,1.559537,0.3306491,356.2161,259.5748,1.246267,Head
12/22/2016 12:14:04 PM:377,-0.1097499,1.554616,0.3298734,359.7916,259.5946,1.127233,Head
12/22/2016 12:14:04 PM:444,-0.1111675,1.552378,0.3293767,1.353926,259.5251,1.11313,Head
12/22/2016 12:14:04 PM:485,-0.1127433,1.550655,0.3291097,2.634262,259.4481,1.091178,Head
12/22/2016 12:14:04 PM:545,-0.114301,1.549263,0.32829,3.671806,259.2709,1.142303,Head
12/22/2016 12:14:04 PM:595,-0.1150264,1.548359,0.3278886,4.293874,259.1501,1.204374,Head
12/22/2016 12:14:04 PM:638,-0.1159391,1.547102,0.3274792,5.141964,258.9435,1.236364,Head
12/22/2016 12:14:04 PM:691,-0.1168102,1.545591,0.3268548,6.108521,258.6626,1.263386,Head
12/22/2016 12:14:04 PM:758,-0.1170511,1.545105,0.3267786,6.415888,258.5491,1.254136,Head
12/22/2016 12:14:04 PM:800,-0.1176603,1.544925,0.3266746,6.617142,258.4826,1.268351,Head
12/22/2016 12:14:04 PM:859,-0.1185321,1.544215,0.3264769,6.995687,258.4844,1.24098,Head
12/22/2016 12:14:04 PM:925,-0.120567,1.540647,0.3260731,8.754436,258.4867,1.137869,Head
12/22/2016 12:14:04 PM:976,-0.1222015,1.536746,0.3256605,10.73845,258.5511,1.113544,Head
12/22/2016 12:14:05 PM:27,-0.1250706,1.529729,0.3249874,14.39095,258.6702,1.091197,Head
12/22/2016 12:14:05 PM:81,-0.1311609,1.510666,0.3236997,23.79051,259.0657,1.145166,Head
12/22/2016 12:14:05 PM:148,-0.1375648,1.488845,0.3217942,33.17178,259.3664,1.400429,Head
12/22/2016 12:14:05 PM:198,-0.1400777,1.476513,0.3207809,38.12115,259.4995,1.453835,Head
12/22/2016 12:14:05 PM:239,-0.1420921,1.465472,0.3199961,42.88893,259.6813,1.546925,Head
12/22/2016 12:14:05 PM:293,-0.145523,1.45028,0.318509,49.53487,260.4114,2.282162,Head
12/22/2016 12:14:05 PM:360,-0.1479165,1.453337,0.3166299,48.6935,260.5294,2.58748,Head
12/22/2016 12:14:05 PM:411,-0.1483917,1.458752,0.3157034,46.7812,260.2057,2.373524,Head
12/22/2016 12:14:05 PM:455,-0.1485967,1.465511,0.3148745,44.14539,259.7693,2.114453,Head
12/22/2016 12:14:05 PM:505,-0.1479774,1.476524,0.3139903,39.7896,259.1531,1.655127,Head
12/22/2016 12:14:05 PM:588,-0.1455267,1.488639,0.3138094,34.80982,258.6834,1.127451,Head
12/22/2016 12:14:05 PM:640,-0.1411808,1.500551,0.314207,29.7508,258.371,1.078585,Head
12/22/2016 12:14:05 PM:707,-0.1365228,1.512062,0.3146684,24.20105,258.0854,0.9693406,Head
12/22/2016 12:14:05 PM:769,-0.1327593,1.519081,0.3152028,20.80643,257.8857,0.955942,Head
12/22/2016 12:14:05 PM:819,-0.1288396,1.525713,0.3155848,17.21804,257.61,0.9481168,Head
12/22/2016 12:14:05 PM:881,-0.1218592,1.53636,0.3162742,11.25667,257.0118,0.944999,Head
12/22/2016 12:14:05 PM:945,-0.1152644,1.543224,0.3170016,7.148157,256.5596,1.141145,Head
12/22/2016 12:14:06 PM:1,-0.1119624,1.545646,0.3174148,5.645585,256.3102,1.277496,Head
12/22/2016 12:14:06 PM:53,-0.107585,1.549386,0.3175623,3.151461,255.9415,1.39942,Head
12/22/2016 12:14:06 PM:120,-0.1035643,1.551917,0.3174622,1.30331,255.5251,1.518995,Head
12/22/2016 12:14:06 PM:178,-0.1022227,1.551439,0.3167717,1.399185,255.2497,1.686992,Head
12/22/2016 12:14:06 PM:243,-0.1025117,1.548849,0.3156605,2.938151,255.0319,1.649354,Head
12/22/2016 12:14:06 PM:310,-0.103915,1.544393,0.3145649,5.716383,254.9058,1.437703,Head
12/22/2016 12:14:06 PM:372,-0.1053831,1.540446,0.3136558,8.092414,254.9625,1.291423,Head
12/22/2016 12:14:06 PM:415,-0.1068492,1.536083,0.3129024,10.78401,255.128,1.270748,Head
12/22/2016 12:14:06 PM:466,-0.1094685,1.528439,0.3119543,15.01775,255.5518,1.330083,Head
12/22/2016 12:14:06 PM:533,-0.1118718,1.52095,0.3117042,19.16566,256.0531,1.218991,Head
12/22/2016 12:14:06 PM:599,-0.113396,1.517114,0.3116239,21.27497,256.3823,1.252382,Head
12/22/2016 12:14:06 PM:642,-0.1150447,1.513692,0.3114204,23.14763,256.733,1.416418,Head
12/22/2016 12:14:06 PM:702,-0.1162801,1.511504,0.3110055,24.36469,256.9002,1.490199,Head
12/22/2016 12:14:06 PM:774,-0.1173612,1.509873,0.3108357,25.2526,256.8564,1.282443,Head
12/22/2016 12:14:06 PM:818,-0.1181106,1.509444,0.3109116,25.45856,256.8658,1.180804,Head
12/22/2016 12:14:06 PM:866,-0.1186616,1.509574,0.3110395,25.54629,256.9566,1.154145,Head
12/22/2016 12:14:06 PM:932,-0.119237,1.511642,0.3112904,24.68219,257.1861,1.060999,Head
12/22/2016 12:14:07 PM:5,-0.11961,1.514827,0.3114401,23.12872,257.3092,0.9715195,Head
12/22/2016 12:14:07 PM:66,-0.119559,1.51874,0.3115432,21.01638,257.4467,0.8666771,Head
12/22/2016 12:14:07 PM:132,-0.1192688,1.523952,0.3119209,18.40793,257.7021,0.8531398,Head
12/22/2016 12:14:07 PM:201,-0.1181143,1.52897,0.3124897,15.73532,257.9281,0.7472668,Head
12/22/2016 12:14:07 PM:267,-0.1167938,1.533822,0.3133785,13.14197,258.1644,0.5887607,Head
12/22/2016 12:14:07 PM:334,-0.1152012,1.538038,0.3140911,10.61188,258.3701,0.5264069,Head
12/22/2016 12:14:07 PM:406,-0.1132535,1.541691,0.3145927,8.463486,258.4684,0.5320028,Head
12/22/2016 12:14:07 PM:470,-0.1114924,1.544773,0.314826,6.41511,258.4338,0.5215409,Head
12/22/2016 12:14:07 PM:534,-0.1096694,1.547902,0.3150696,4.518138,258.3236,0.5936126,Head
12/22/2016 12:14:07 PM:603,-0.1079556,1.550621,0.3150449,2.75852,258.1979,0.7017036,Head
12/22/2016 12:14:07 PM:669,-0.1056381,1.552891,0.3150226,1.239121,258.0495,0.8636763,Head
12/22/2016 12:14:07 PM:755,-0.1034783,1.555114,0.3148074,359.7257,257.7677,1.075595,Head
12/22/2016 12:14:07 PM:810,-0.1008114,1.557316,0.3146431,358.0831,257.4137,1.340866,Head
12/22/2016 12:14:07 PM:876,-0.0987166,1.559008,0.3151084,356.7192,257.2249,1.388751,Head
12/22/2016 12:14:07 PM:935,-0.09711744,1.560183,0.3154258,355.8456,257.2539,1.291032,Head
12/22/2016 12:14:07 PM:976,-0.09625115,1.561228,0.3159666,354.9623,257.3633,1.199858,Head
12/22/2016 12:14:08 PM:30,-0.09487915,1.562879,0.3172008,353.6337,257.5661,1.088886,Head
12/22/2016 12:14:08 PM:93,-0.09384686,1.563835,0.317917,352.7959,257.6467,1.068725,Head
12/22/2016 12:14:08 PM:137,-0.09267561,1.564846,0.3185982,351.8944,257.6915,1.03564,Head
12/22/2016 12:14:08 PM:198,-0.09164079,1.565854,0.3194402,350.9572,257.7056,0.9928091,Head
12/22/2016 12:14:08 PM:260,-0.09075946,1.566481,0.3200441,350.3779,257.755,0.9703479,Head
12/22/2016 12:14:08 PM:304,-0.09003516,1.566993,0.3204092,349.86,257.8131,0.9167256,Head
12/22/2016 12:14:08 PM:373,-0.08869075,1.567521,0.3210496,349.4128,257.9109,0.7584935,Head
12/22/2016 12:14:08 PM:435,-0.0878457,1.567465,0.3217232,349.2003,258.0433,0.5368464,Head
12/22/2016 12:14:08 PM:502,-0.08730635,1.567666,0.3225028,348.9825,258.1263,0.4187275,Head
12/22/2016 12:14:08 PM:573,-0.08694473,1.567783,0.3229388,348.7645,258.1892,0.3349025,Head
12/22/2016 12:14:08 PM:636,-0.08656935,1.568065,0.3232113,348.6229,258.1772,0.2929561,Head
12/22/2016 12:14:08 PM:704,-0.0866451,1.567969,0.3234389,348.5587,258.1134,0.2730486,Head
12/22/2016 12:14:08 PM:775,-0.08660211,1.567965,0.3235611,348.6074,258.0323,0.3158845,Head
12/22/2016 12:14:08 PM:837,-0.08670613,1.567891,0.3233798,348.6273,257.954,0.3759116,Head
12/22/2016 12:14:08 PM:890,-0.08680779,1.567853,0.3232442,348.67,257.8635,0.4558313,Head
12/22/2016 12:14:08 PM:957,-0.08710475,1.567813,0.3229821,348.6856,257.7982,0.4854306,Head
12/22/2016 12:14:09 PM:10,-0.08739967,1.567618,0.3227653,348.7283,257.7766,0.5149649,Head
12/22/2016 12:14:09 PM:54,-0.08772469,1.567546,0.3227104,348.75,257.7557,0.5175525,Head
12/22/2016 12:14:09 PM:114,-0.08768255,1.567795,0.322769,348.6563,257.6311,0.4557342,Head
12/22/2016 12:14:09 PM:163,-0.08777412,1.567936,0.3228508,348.6163,257.5809,0.362068,Head
12/22/2016 12:14:09 PM:206,-0.08788112,1.567945,0.3229583,348.618,257.5329,0.3411982,Head
12/22/2016 12:14:09 PM:259,-0.08817823,1.567854,0.3231018,348.6902,257.5697,0.3000294,Head
12/22/2016 12:14:09 PM:330,-0.08867587,1.567688,0.323199,348.8362,257.5537,0.2630707,Head
12/22/2016 12:14:09 PM:376,-0.08914313,1.56773,0.3233255,348.8835,257.5295,0.2570912,Head
12/22/2016 12:14:09 PM:428,-0.08963839,1.567541,0.3235436,349.0244,257.4898,0.2341124,Head
12/22/2016 12:14:09 PM:488,-0.09006254,1.56736,0.3235478,349.1886,257.4844,0.2399074,Head
12/22/2016 12:14:09 PM:549,-0.09004529,1.567211,0.3237764,349.3301,257.4763,0.2063436,Head
12/22/2016 12:14:09 PM:599,-0.08985933,1.567035,0.3236232,349.3589,257.4773,0.2194412,Head
12/22/2016 12:14:09 PM:639,-0.08977716,1.56692,0.3236483,349.4431,257.4948,0.2210606,Head
12/22/2016 12:14:09 PM:694,-0.08930047,1.566685,0.3231823,349.5221,257.4985,0.2849635,Head
12/22/2016 12:14:09 PM:761,-0.08925401,1.566726,0.3229943,349.5719,257.4695,0.3750667,Head
12/22/2016 12:14:09 PM:801,-0.08870576,1.5668,0.3227971,349.6014,257.4132,0.4646917,Head
12/22/2016 12:14:09 PM:862,-0.08779033,1.566948,0.3226301,349.5903,257.3742,0.4947216,Head
12/22/2016 12:14:09 PM:912,-0.08741674,1.566785,0.3224908,349.6085,257.397,0.4703975,Head
12/22/2016 12:14:09 PM:955,-0.08692943,1.566681,0.3223008,349.6392,257.4268,0.4247501,Head
12/22/2016 12:14:10 PM:14,-0.08596557,1.566677,0.3219685,349.7152,257.4656,0.3696494,Head
12/22/2016 12:14:10 PM:66,-0.08544023,1.566595,0.3215639,349.6825,257.46,0.3903385,Head
12/22/2016 12:14:10 PM:105,-0.08511391,1.566637,0.3213265,349.6526,257.4448,0.4031877,Head
12/22/2016 12:14:10 PM:163,-0.08460765,1.566547,0.3208822,349.6276,257.3991,0.44944,Head
12/22/2016 12:14:10 PM:232,-0.08419937,1.566604,0.3203229,349.6917,257.3318,0.4694601,Head
12/22/2016 12:14:10 PM:298,-0.08403291,1.566549,0.3199124,349.7414,257.28,0.5145604,Head
12/22/2016 12:14:10 PM:337,-0.08353727,1.566439,0.3196229,349.8795,257.1907,0.5921763,Head
12/22/2016 12:14:10 PM:398,-0.08308573,1.566272,0.3195089,350.0021,257.1907,0.5823597,Head
12/22/2016 12:14:10 PM:446,-0.08303869,1.566216,0.3194385,349.9782,257.2397,0.5734074,Head
12/22/2016 12:14:10 PM:486,-0.08274963,1.566292,0.3194899,349.9726,257.3087,0.5239954,Head
12/22/2016 12:14:10 PM:543,-0.08247164,1.566014,0.3196248,350.0953,257.5348,0.332645,Head
12/22/2016 12:14:10 PM:610,-0.08244862,1.566001,0.3195069,350.1272,257.6712,0.3435898,Head
12/22/2016 12:14:10 PM:657,-0.08233573,1.565972,0.3193719,350.1441,257.6512,0.3957221,Head
12/22/2016 12:14:10 PM:698,-0.08266231,1.565941,0.3192683,350.1498,257.6174,0.4181708,Head
12/22/2016 12:14:10 PM:741,-0.08318129,1.565906,0.3190005,350.1304,257.5565,0.4432642,Head
12/22/2016 12:14:10 PM:800,-0.083764,1.566102,0.3189286,350.081,257.5953,0.4809286,Head
12/22/2016 12:14:10 PM:874,-0.0849387,1.566036,0.3183825,350.1155,257.6107,0.4344104,Head
12/22/2016 12:14:10 PM:920,-0.08555055,1.566007,0.3182938,350.1742,257.6279,0.4372529,Head
12/22/2016 12:14:10 PM:965,-0.08592416,1.566068,0.3180918,350.2854,257.6135,0.4502243,Head
12/22/2016 12:14:11 PM:23,-0.08679761,1.565846,0.317826,350.4054,257.553,0.5040097,Head
12/22/2016 12:14:11 PM:91,-0.08724806,1.565823,0.3178784,350.4678,257.5427,0.5592602,Head
12/22/2016 12:14:11 PM:142,-0.08742779,1.565836,0.3178775,350.4803,257.5553,0.5491368,Head
12/22/2016 12:14:11 PM:189,-0.08797662,1.565924,0.3177958,350.5107,257.6096,0.5061367,Head
12/22/2016 12:14:11 PM:247,-0.08850004,1.565967,0.3180579,350.5471,257.7445,0.4403311,Head
12/22/2016 12:14:11 PM:315,-0.08869758,1.566005,0.3181719,350.6146,257.8607,0.4364161,Head
12/22/2016 12:14:11 PM:367,-0.08886246,1.565784,0.3181264,350.6358,257.8769,0.4636855,Head
12/22/2016 12:14:11 PM:409,-0.08874982,1.565798,0.3181491,350.6334,257.8809,0.4859352,Head
12/22/2016 12:14:11 PM:474,-0.08858971,1.565877,0.318083,350.6358,257.8683,0.538468,Head
12/22/2016 12:14:11 PM:521,-0.08840964,1.565816,0.317904,350.635,257.8657,0.5515026,Head
12/22/2016 12:14:11 PM:565,-0.08824916,1.566004,0.3179884,350.5443,257.8745,0.5633932,Head
12/22/2016 12:14:11 PM:615,-0.0874414,1.565989,0.3178428,350.5074,257.8373,0.5981575,Head
12/22/2016 12:14:11 PM:683,-0.0871093,1.56588,0.3177036,350.4616,257.7458,0.6453706,Head
12/22/2016 12:14:11 PM:747,-0.08630077,1.565902,0.3180478,350.4034,257.6877,0.7136987,Head
12/22/2016 12:14:11 PM:799,-0.0859037,1.566151,0.3181954,350.2747,257.6469,0.7060434,Head
12/22/2016 12:14:11 PM:850,-0.08516869,1.566364,0.3186326,350.1277,257.6978,0.6608213,Head
12/22/2016 12:14:11 PM:917,-0.08464018,1.566458,0.3189436,350.0175,257.8028,0.5831926,Head
12/22/2016 12:14:11 PM:984,-0.08451918,1.566548,0.3191459,350.0142,257.8517,0.5702554,Head
12/22/2016 12:14:12 PM:30,-0.08397518,1.566477,0.3193608,349.9796,257.8699,0.5578958,Head
12/22/2016 12:14:12 PM:95,-0.08355872,1.566464,0.3197014,349.9389,257.8935,0.5212777,Head
12/22/2016 12:14:12 PM:155,-0.08300464,1.566546,0.3198451,349.933,257.9293,0.4913084,Head
12/22/2016 12:14:12 PM:207,-0.08303243,1.566546,0.3199039,349.93,257.9514,0.4638957,Head
12/22/2016 12:14:12 PM:253,-0.08297373,1.566617,0.3200328,349.9668,257.9527,0.4303316,Head
12/22/2016 12:14:12 PM:309,-0.08298497,1.566461,0.3200513,350.0125,257.8045,0.5283664,Head
12/22/2016 12:14:12 PM:375,-0.08281799,1.56659,0.3196577,350.0646,257.5992,0.6281736,Head
12/22/2016 12:14:12 PM:448,-0.08284885,1.566445,0.3195556,350.0256,257.5211,0.6683044,Head
12/22/2016 12:14:12 PM:494,-0.08308646,1.566428,0.3196118,350.0066,257.5421,0.6627825,Head
12/22/2016 12:14:12 PM:555,-0.08339365,1.56652,0.3196451,349.9841,257.6963,0.6405718,Head
12/22/2016 12:14:12 PM:617,-0.08389672,1.566555,0.3194532,350.037,257.7752,0.652522,Head
12/22/2016 12:14:12 PM:662,-0.0841653,1.566494,0.3191375,350.0656,257.8065,0.678381,Head
12/22/2016 12:14:12 PM:721,-0.08471472,1.566504,0.3188564,350.0573,257.8465,0.7163178,Head
12/22/2016 12:14:12 PM:784,-0.08518811,1.566523,0.3187651,350.0686,257.8701,0.7267938,Head
12/22/2016 12:14:12 PM:838,-0.08592001,1.566499,0.3187068,350.1207,257.8991,0.6598803,Head
12/22/2016 12:14:12 PM:889,-0.08719775,1.566442,0.3181304,350.2013,257.9077,0.672673,Head
12/22/2016 12:14:12 PM:956,-0.08812729,1.566453,0.3177357,350.2849,257.8287,0.7646279,Head
12/22/2016 12:14:13 PM:19,-0.08875582,1.566168,0.3173805,350.3697,257.7782,0.7909836,Head
12/22/2016 12:14:13 PM:63,-0.08945537,1.56615,0.316995,350.4095,257.7336,0.8413614,Head
12/22/2016 12:14:13 PM:125,-0.09018761,1.566288,0.3169814,350.3965,257.7773,0.7952893,Head
12/22/2016 12:14:13 PM:185,-0.09068105,1.566314,0.316839,350.4145,257.8832,0.7685506,Head
12/22/2016 12:14:13 PM:228,-0.09122984,1.566162,0.316816,350.446,257.9608,0.7728857,Head
12/22/2016 12:14:13 PM:282,-0.09198748,1.566269,0.3165627,350.5024,258.0193,0.7831552,Head
12/22/2016 12:14:13 PM:346,-0.0925829,1.566303,0.3163183,350.5476,258.0312,0.8117194,Head
12/22/2016 12:14:13 PM:413,-0.09331243,1.56625,0.3159873,350.5588,258.0719,0.8511332,Head
12/22/2016 12:14:13 PM:455,-0.09370769,1.566197,0.3156742,350.6292,258.0845,0.8328125,Head
12/22/2016 12:14:13 PM:514,-0.09444162,1.566031,0.3151721,350.674,258.0837,0.902892,Head
12/22/2016 12:14:13 PM:582,-0.09464817,1.565988,0.3148503,350.7315,258.0024,0.9755969,Head
12/22/2016 12:14:13 PM:631,-0.09473069,1.566025,0.3146774,350.7368,257.9755,0.9861214,Head
12/22/2016 12:14:13 PM:669,-0.09456772,1.566096,0.3146946,350.7368,257.9648,1.01101,Head
12/22/2016 12:14:13 PM:727,-0.0945634,1.566292,0.3146956,350.6677,258.005,1.116689,Head
12/22/2016 12:14:13 PM:793,-0.09403593,1.566337,0.3150416,350.5986,258.1097,1.074207,Head
12/22/2016 12:14:13 PM:842,-0.093757,1.566313,0.315327,350.5258,258.1713,1.037663,Head
12/22/2016 12:14:13 PM:880,-0.09354392,1.566381,0.3156726,350.5148,258.2331,0.9858422,Head
12/22/2016 12:14:13 PM:920,-0.09298281,1.566526,0.3157905,350.464,258.3081,0.9567468,Head
12/22/2016 12:14:13 PM:987,-0.09267936,1.566404,0.3163275,350.3883,258.3642,0.9101336,Head
12/22/2016 12:14:14 PM:45,-0.09225641,1.566603,0.3165413,350.3191,258.4123,0.897119,Head
12/22/2016 12:14:14 PM:89,-0.09170198,1.566563,0.3167201,350.2885,258.4168,0.8898154,Head
12/22/2016 12:14:14 PM:140,-0.09096476,1.566837,0.3164941,350.1516,258.3621,0.9334416,Head
12/22/2016 12:14:14 PM:207,-0.08995656,1.566826,0.3164573,350.1281,258.2576,0.981263,Head
12/22/2016 12:14:14 PM:279,-0.08921021,1.566903,0.3165197,350.0824,258.1888,1.043657,Head
12/22/2016 12:14:14 PM:332,-0.08819506,1.566921,0.3164435,350.0105,258.1223,1.13683,Head
12/22/2016 12:14:14 PM:415,-0.08736277,1.567011,0.3163105,349.884,258.0757,1.148975,Head
12/22/2016 12:14:14 PM:493,-0.08681369,1.567051,0.3161909,349.8523,258.1701,1.096159,Head
12/22/2016 12:14:14 PM:542,-0.08624035,1.566844,0.3161685,349.9354,258.3065,1.082329,Head
12/22/2016 12:14:14 PM:609,-0.08627087,1.566796,0.3159927,349.9819,258.3443,1.064409,Head
12/22/2016 12:14:14 PM:676,-0.08650721,1.5668,0.3157915,349.9993,258.374,1.032045,Head
12/22/2016 12:14:14 PM:719,-0.08648057,1.566833,0.3154955,350.0504,258.4394,1.063567,Head
12/22/2016 12:14:14 PM:776,-0.08693781,1.566871,0.315294,350.0783,258.4765,0.9960511,Head
12/22/2016 12:14:14 PM:852,-0.08732139,1.566606,0.3147055,350.1295,258.4797,1.022729,Head
12/22/2016 12:14:14 PM:910,-0.0875821,1.566615,0.3142136,350.2035,258.4238,1.069758,Head
12/22/2016 12:14:14 PM:980,-0.08784968,1.566608,0.3136783,350.1989,258.3162,1.13467,Head
12/22/2016 12:14:15 PM:41,-0.08811688,1.566716,0.3133752,350.1465,258.2836,1.154753,Head
12/22/2016 12:14:15 PM:91,-0.08835836,1.566812,0.3129518,350.1136,258.2896,1.179352,Head
12/22/2016 12:14:15 PM:148,-0.08903628,1.566742,0.3123305,350.1622,258.2969,1.231325,Head
12/22/2016 12:14:15 PM:212,-0.0895806,1.566472,0.3117689,350.2409,258.2539,1.300668,Head
12/22/2016 12:14:15 PM:267,-0.08977872,1.566446,0.311508,350.2701,258.2299,1.339096,Head
12/22/2016 12:14:15 PM:310,-0.09040375,1.566527,0.3110557,350.3122,258.2019,1.403039,Head
12/22/2016 12:14:15 PM:517,-0.09102713,1.566452,0.3105543,350.332,258.2191,1.461135,Head
12/22/2016 12:14:15 PM:715,-0.09286882,1.566242,0.3097256,350.4937,258.3301,1.457571,Head
12/22/2016 12:14:15 PM:760,-0.09470303,1.566183,0.3087758,350.5841,258.3883,1.503884,Head
12/22/2016 12:14:15 PM:812,-0.09519349,1.566353,0.308834,350.6235,258.5034,1.53133,Head
12/22/2016 12:14:15 PM:860,-0.09622833,1.566171,0.3089852,350.7473,258.6527,1.554098,Head
12/22/2016 12:14:15 PM:927,-0.09701959,1.56618,0.3090954,350.8491,258.9311,1.534845,Head
12/22/2016 12:14:15 PM:987,-0.09738878,1.566027,0.3092512,350.8751,259.194,1.468092,Head
12/22/2016 12:14:16 PM:27,-0.09779539,1.56609,0.3094547,350.9151,259.4313,1.424163,Head
12/22/2016 12:14:16 PM:83,-0.09924667,1.565787,0.3097889,351.0987,260.0574,1.354889,Head
12/22/2016 12:14:16 PM:150,-0.1000199,1.565885,0.3100169,351.1859,260.4553,1.33072,Head
12/22/2016 12:14:16 PM:203,-0.100234,1.565875,0.3100298,351.2307,260.5605,1.365218,Head
12/22/2016 12:14:16 PM:250,-0.1005215,1.565867,0.3099589,351.3553,260.6895,1.357667,Head
12/22/2016 12:14:16 PM:316,-0.1010312,1.565773,0.3098938,351.5885,260.7833,1.394962,Head
12/22/2016 12:14:16 PM:374,-0.1015719,1.565501,0.3099566,351.7605,260.9062,1.392561,Head
12/22/2016 12:14:16 PM:441,-0.1026124,1.565306,0.31009,351.952,261.1029,1.357173,Head
12/22/2016 12:14:16 PM:504,-0.1030332,1.56517,0.3103073,352.1396,261.3122,1.313795,Head
12/22/2016 12:14:16 PM:548,-0.1038332,1.564669,0.310856,352.4912,261.6771,1.225378,Head
12/22/2016 12:14:16 PM:608,-0.10681,1.562356,0.3118653,354.0778,262.5646,1.09919,Head
12/22/2016 12:14:16 PM:671,-0.1106666,1.55753,0.3124531,357.2069,263.4567,1.038176,Head
12/22/2016 12:14:16 PM:716,-0.115249,1.55034,0.3130233,1.718976,264.3765,0.9157559,Head
12/22/2016 12:14:16 PM:782,-0.1226069,1.533364,0.3143693,11.48601,265.7672,0.7800878,Head
12/22/2016 12:14:16 PM:870,-0.1269046,1.507361,0.3155174,25.46145,267.2286,1.11561,Head
12/22/2016 12:14:16 PM:976,-0.1332718,1.476156,0.3164832,38.35071,269.1252,2.376743,Head
12/22/2016 12:14:17 PM:77,-0.1353807,1.465041,0.315831,43.63436,269.6771,3.631546,Head
12/22/2016 12:14:17 PM:134,-0.1338415,1.470753,0.3140922,41.9999,267.7248,2.388306,Head
12/22/2016 12:14:17 PM:201,-0.1319725,1.482869,0.3134746,36.53948,267.5501,2.206157,Head
12/22/2016 12:14:17 PM:251,-0.1300021,1.490157,0.3137658,33.24525,267.7948,2.17851,Head
12/22/2016 12:14:17 PM:298,-0.1264346,1.50004,0.3141119,28.83354,268.2509,1.935719,Head
12/22/2016 12:14:17 PM:346,-0.1204273,1.514851,0.3153534,21.90853,268.9658,1.653311,Head
12/22/2016 12:14:17 PM:412,-0.1148967,1.530487,0.3168327,13.88673,269.6009,1.504202,Head
12/22/2016 12:14:17 PM:477,-0.1115554,1.53947,0.3175706,8.932079,269.9609,1.34421,Head
12/22/2016 12:14:17 PM:522,-0.1081547,1.549598,0.3180549,2.968328,270.4243,1.265204,Head
12/22/2016 12:14:17 PM:580,-0.105717,1.558514,0.318092,357.1505,270.8453,1.339996,Head
12/22/2016 12:14:17 PM:652,-0.1029406,1.561973,0.317808,353.9116,270.5514,1.739202,Head
12/22/2016 12:14:17 PM:697,-0.1033372,1.561421,0.3168553,353.9456,270.1343,1.777596,Head
12/22/2016 12:14:17 PM:770,-0.1045206,1.559636,0.3153715,354.9821,269.4773,1.782231,Head
12/22/2016 12:14:17 PM:818,-0.1085359,1.553729,0.3127287,358.7031,268.3837,1.611807,Head
12/22/2016 12:14:17 PM:876,-0.1123879,1.543818,0.3098148,5.079761,267.283,1.529852,Head
12/22/2016 12:14:17 PM:937,-0.116542,1.528157,0.3064186,14.20079,265.9976,1.844669,Head
12/22/2016 12:14:17 PM:990,-0.1186985,1.518938,0.3044696,19.04733,265.2124,1.973539,Head
12/22/2016 12:14:18 PM:36,-0.1217983,1.503457,0.301643,26.73838,264.0253,2.012847,Head
12/22/2016 12:14:18 PM:100,-0.1256804,1.488344,0.2989814,33.7479,263.0743,1.959417,Head
12/22/2016 12:14:18 PM:161,-0.1283396,1.479235,0.2976432,37.84876,262.7439,2.128708,Head
12/22/2016 12:14:18 PM:211,-0.1290646,1.478459,0.2974703,38.39079,262.9169,2.259318,Head
12/22/2016 12:14:18 PM:263,-0.1297249,1.480003,0.2971826,38.01944,263.129,2.437053,Head
12/22/2016 12:14:18 PM:318,-0.1297067,1.487884,0.2975117,34.76914,263.234,2.401731,Head
12/22/2016 12:14:18 PM:385,-0.1289903,1.498254,0.2986164,29.88827,263.5033,2.319322,Head
12/22/2016 12:14:18 PM:435,-0.1277443,1.504863,0.2994192,26.78553,263.7358,2.384397,Head
12/22/2016 12:14:18 PM:480,-0.1256065,1.51315,0.3008496,22.64111,264.0588,2.235805,Head
12/22/2016 12:14:18 PM:530,-0.1213729,1.525836,0.3030438,16.10717,264.5856,2.021976,Head
12/22/2016 12:14:18 PM:596,-0.1165581,1.537223,0.3055881,9.815829,265.2753,1.77057,Head
12/22/2016 12:14:18 PM:659,-0.1128564,1.543439,0.3070946,6.309701,265.7787,1.687626,Head
12/22/2016 12:14:18 PM:703,-0.1096802,1.548826,0.3081313,2.935623,266.2443,1.56817,Head
12/22/2016 12:14:18 PM:753,-0.1048937,1.554633,0.3095015,359.3381,266.8948,1.605373,Head
12/22/2016 12:14:18 PM:820,-0.1006174,1.558022,0.3105873,357.0368,267.4422,1.668535,Head
12/22/2016 12:14:18 PM:887,-0.09846102,1.55928,0.310654,355.9502,267.6921,1.647186,Head
12/22/2016 12:14:18 PM:928,-0.09591223,1.559789,0.3110735,355.2741,267.7887,1.609048,Head
12/22/2016 12:14:18 PM:976,-0.09405868,1.559166,0.3116546,355.2897,267.7636,1.31722,Head
12/22/2016 12:14:19 PM:44,-0.09468985,1.556271,0.3117652,356.9169,267.6801,1.048808,Head
12/22/2016 12:14:19 PM:106,-0.0955025,1.553556,0.3119751,358.7706,267.7243,1.030307,Head
12/22/2016 12:14:19 PM:152,-0.09668612,1.549772,0.3119426,1.230068,267.7607,1.116751,Head
12/22/2016 12:14:19 PM:211,-0.1000178,1.541278,0.3114692,6.45513,267.5118,1.280644,Head
12/22/2016 12:14:19 PM:284,-0.1035221,1.532456,0.3101768,11.52464,266.9486,1.317365,Head
12/22/2016 12:14:19 PM:332,-0.1045825,1.528244,0.3095468,14.21684,266.7233,1.355164,Head
12/22/2016 12:14:19 PM:374,-0.1065844,1.523465,0.3088706,16.91138,266.3491,1.211204,Head
12/22/2016 12:14:19 PM:437,-0.1078621,1.522679,0.3087123,17.79145,266.5075,1.569298,Head
12/22/2016 12:14:19 PM:502,-0.1084963,1.524834,0.3089164,16.71905,266.7761,1.731808,Head
12/22/2016 12:14:19 PM:554,-0.1092717,1.530697,0.3093464,13.78437,267.248,1.650492,Head
12/22/2016 12:14:19 PM:619,-0.108918,1.537752,0.3102169,9.895949,267.8702,1.468857,Head
12/22/2016 12:14:19 PM:680,-0.1079947,1.545733,0.3113941,5.196099,268.7155,1.376234,Head
12/22/2016 12:14:19 PM:734,-0.1072778,1.549587,0.3118813,2.818703,269.2044,1.351234,Head
12/22/2016 12:14:19 PM:781,-0.1056259,1.555106,0.3129778,359.1197,269.9135,1.344868,Head
12/22/2016 12:14:19 PM:840,-0.1029155,1.560587,0.3139436,355.3129,270.5764,1.319205,Head
12/22/2016 12:14:19 PM:903,-0.09986758,1.564129,0.3149865,352.4154,270.8659,1.281881,Head
12/22/2016 12:14:19 PM:954,-0.09921694,1.565427,0.3151875,351.4888,270.9003,1.254978,Head
12/22/2016 12:14:19 PM:995,-0.09818621,1.566621,0.3151842,350.5471,270.8647,1.247952,Head
12/22/2016 12:14:20 PM:50,-0.09634492,1.567165,0.3146758,350.0258,270.4011,1.40421,Head
12/22/2016 12:14:20 PM:115,-0.09506246,1.567589,0.3139423,349.6364,269.9407,1.677552,Head
12/22/2016 12:14:20 PM:187,-0.09454061,1.567808,0.3137326,349.3386,269.7477,1.795739,Head
12/22/2016 12:14:20 PM:234,-0.09371196,1.56811,0.3136176,349.0867,269.5191,1.852254,Head
12/22/2016 12:14:20 PM:284,-0.09258033,1.568404,0.3138522,348.8588,269.3538,1.876957,Head
12/22/2016 12:14:20 PM:351,-0.09163298,1.56862,0.3138916,348.6602,269.2738,1.808184,Head
12/22/2016 12:14:20 PM:415,-0.09108095,1.568621,0.3139893,348.6295,269.2779,1.831197,Head
12/22/2016 12:14:20 PM:461,-0.09049153,1.568742,0.3141625,348.5765,269.2562,1.855878,Head
12/22/2016 12:14:20 PM:520,-0.09011865,1.56852,0.3144888,348.5618,269.1971,1.838762,Head
12/22/2016 12:14:20 PM:586,-0.09010585,1.568858,0.3147444,348.4062,269.1827,1.715294,Head
12/22/2016 12:14:20 PM:639,-0.09020746,1.569001,0.3150072,348.3672,269.2115,1.67271,Head
12/22/2016 12:14:20 PM:686,-0.09053469,1.569133,0.3151669,348.3072,269.1996,1.686066,Head
12/22/2016 12:14:20 PM:742,-0.09103618,1.569056,0.3150602,348.4019,269.114,1.670273,Head
12/22/2016 12:14:20 PM:812,-0.09120837,1.568825,0.3144098,348.5673,268.8759,2.025693,Head
12/22/2016 12:14:20 PM:861,-0.09094845,1.568928,0.3138551,348.5306,268.6678,2.190261,Head
12/22/2016 12:14:20 PM:905,-0.09056123,1.56925,0.3131286,348.2897,268.3226,2.268367,Head
12/22/2016 12:14:20 PM:964,-0.08985466,1.569471,0.3123309,348.0219,267.9218,2.258445,Head
12/22/2016 12:14:21 PM:32,-0.08957624,1.569937,0.312114,347.8029,267.7273,2.1828,Head
12/22/2016 12:14:21 PM:86,-0.08953585,1.569865,0.3120367,347.8321,267.7435,2.157174,Head
12/22/2016 12:14:21 PM:128,-0.0890542,1.569897,0.3119884,347.7868,267.7826,2.1897,Head
12/22/2016 12:14:21 PM:188,-0.08837679,1.569875,0.3119552,347.6965,267.8894,2.203391,Head
12/22/2016 12:14:21 PM:242,-0.08809598,1.570063,0.3121275,347.5899,267.9101,2.158254,Head
12/22/2016 12:14:21 PM:287,-0.08766024,1.570215,0.3119854,347.4109,267.9138,2.085579,Head
12/22/2016 12:14:21 PM:347,-0.08727485,1.57033,0.3120979,347.2908,267.8966,1.974885,Head
12/22/2016 12:14:21 PM:416,-0.08692361,1.570203,0.3118301,347.2388,267.8403,1.983719,Head
12/22/2016 12:14:21 PM:463,-0.08694592,1.570194,0.311646,347.3036,267.7617,2.043794,Head
12/22/2016 12:14:21 PM:512,-0.08672111,1.570097,0.3114581,347.3651,267.6487,2.118407,Head
12/22/2016 12:14:21 PM:575,-0.08640303,1.570193,0.311132,347.3469,267.4832,2.119045,Head
12/22/2016 12:14:21 PM:636,-0.08601052,1.570174,0.3109334,347.4164,267.3925,2.073342,Head
12/22/2016 12:14:21 PM:704,-0.0860531,1.570066,0.3106894,347.4538,267.2814,2.064165,Head
12/22/2016 12:14:21 PM:771,-0.08582881,1.570015,0.3104458,347.4584,267.1778,2.125373,Head
12/22/2016 12:14:21 PM:813,-0.08564529,1.570068,0.3104353,347.4756,267.0424,2.148184,Head
12/22/2016 12:14:21 PM:870,-0.08534089,1.570233,0.3103358,347.4184,266.9075,2.177085,Head
12/22/2016 12:14:21 PM:936,-0.08473973,1.570333,0.3101169,347.3077,266.822,2.104739,Head
12/22/2016 12:14:21 PM:987,-0.08415817,1.570299,0.3102931,347.3073,266.8455,2.03855,Head
12/22/2016 12:14:22 PM:34,-0.08365462,1.570323,0.3103161,347.2611,266.8823,2.014294,Head
12/22/2016 12:14:22 PM:92,-0.08300541,1.570375,0.3099562,347.2006,266.8759,2.020461,Head
12/22/2016 12:14:22 PM:160,-0.08222371,1.570512,0.3095153,347.0707,266.8483,2.033881,Head
12/22/2016 12:14:22 PM:212,-0.08174831,1.570651,0.3092803,346.9891,266.8501,2.035894,Head
12/22/2016 12:14:22 PM:256,-0.0813226,1.570557,0.3089874,346.971,266.817,2.107177,Head
12/22/2016 12:14:22 PM:305,-0.08032754,1.570597,0.3084624,346.8754,266.7711,2.215266,Head
12/22/2016 12:14:22 PM:372,-0.07937079,1.570445,0.3075787,346.9402,266.606,2.372297,Head
12/22/2016 12:14:22 PM:434,-0.07862587,1.570265,0.3067991,346.9904,266.4075,2.510654,Head
12/22/2016 12:14:22 PM:479,-0.07779993,1.570038,0.3059996,347.0367,266.104,2.646358,Head
12/22/2016 12:14:22 PM:528,-0.0768369,1.570161,0.3051383,346.8741,265.5934,2.867604,Head
12/22/2016 12:14:22 PM:595,-0.07584848,1.570156,0.3042721,346.7627,265.226,3.056066,Head
12/22/2016 12:14:22 PM:659,-0.07555888,1.570343,0.3039552,346.7187,265.0679,3.117901,Head
12/22/2016 12:14:22 PM:705,-0.0751298,1.57045,0.3037157,346.7184,264.9574,3.136877,Head
12/22/2016 12:14:22 PM:766,-0.0745815,1.570208,0.3035194,346.8153,264.9731,3.068786,Head
12/22/2016 12:14:22 PM:831,-0.07463911,1.570155,0.3037704,346.8548,265.1746,2.896685,Head
12/22/2016 12:14:22 PM:881,-0.07506883,1.570067,0.3039016,346.9063,265.3776,2.856726,Head
12/22/2016 12:14:22 PM:926,-0.07532296,1.570013,0.3042756,346.9597,265.614,2.712785,Head
12/22/2016 12:14:22 PM:976,-0.07565591,1.569977,0.3046067,347.0402,265.7595,2.644687,Head
12/22/2016 12:14:23 PM:45,-0.07586879,1.570027,0.3048613,347.1283,265.7036,2.671583,Head
12/22/2016 12:14:23 PM:105,-0.07604718,1.57004,0.3049439,347.2536,265.6829,2.656988,Head
12/22/2016 12:14:23 PM:157,-0.07630913,1.569971,0.3052682,347.313,265.6702,2.638432,Head
12/22/2016 12:14:23 PM:218,-0.07659437,1.569976,0.3059322,347.3661,265.6689,2.523389,Head
12/22/2016 12:14:23 PM:287,-0.0768618,1.569938,0.3061484,347.442,265.6589,2.460145,Head
12/22/2016 12:14:23 PM:350,-0.07679905,1.569848,0.3066832,347.5052,265.612,2.477283,Head
12/22/2016 12:14:23 PM:411,-0.07664657,1.569824,0.3067971,347.5627,265.5511,2.486539,Head
12/22/2016 12:14:23 PM:462,-0.07678534,1.569795,0.3068808,347.5843,265.5493,2.457884,Head
12/22/2016 12:14:23 PM:507,-0.07685806,1.569787,0.3072873,347.601,265.5623,2.495428,Head
12/22/2016 12:14:23 PM:556,-0.07671284,1.569825,0.3075858,347.59,265.5828,2.437954,Head
12/22/2016 12:14:23 PM:623,-0.07670011,1.569721,0.3083469,347.6202,265.6105,2.422954,Head
12/22/2016 12:14:23 PM:685,-0.07753341,1.569618,0.3084995,347.7379,265.5671,2.435481,Head
12/22/2016 12:14:23 PM:731,-0.07917468,1.568175,0.3088017,348.8408,265.4949,2.494763,Head
12/22/2016 12:14:23 PM:779,-0.08384936,1.563117,0.3090729,352.3351,265.4895,2.611915,Head
12/22/2016 12:14:23 PM:846,-0.09089975,1.551434,0.3092311,0.2576062,265.6035,2.62787,Head
12/22/2016 12:14:23 PM:909,-0.09599492,1.537877,0.3091408,8.493856,265.4817,2.628815,Head
12/22/2016 12:14:23 PM:960,-0.1002767,1.5222,0.3086528,17.32284,265.1956,2.563108,Head
12/22/2016 12:14:24 PM:14,-0.1082276,1.497076,0.3072054,29.96188,264.1887,2.341434,Head
12/22/2016 12:14:24 PM:81,-0.1149735,1.481722,0.3063615,35.85476,263.6771,2.439879,Head
12/22/2016 12:14:24 PM:135,-0.1166331,1.477095,0.3064072,38.60765,263.9002,2.771979,Head
12/22/2016 12:14:24 PM:179,-0.1210552,1.473296,0.3060672,39.99109,264.1394,3.209016,Head
12/22/2016 12:14:24 PM:241,-0.1245004,1.473675,0.3055579,40.0582,264.0809,3.476049,Head
12/22/2016 12:14:24 PM:304,-0.1258465,1.476653,0.3054278,39.28486,263.6158,3.286241,Head
12/22/2016 12:14:24 PM:363,-0.1261918,1.479808,0.3052945,38.2225,263.2519,2.99471,Head
12/22/2016 12:14:24 PM:408,-0.1260867,1.48755,0.30576,35.28476,262.7339,2.382279,Head
12/22/2016 12:14:24 PM:461,-0.1254555,1.500892,0.3067004,29.3237,262.4006,1.715009,Head
12/22/2016 12:14:24 PM:528,-0.1231236,1.514153,0.3081639,23.35605,262.4176,1.387148,Head
12/22/2016 12:14:24 PM:584,-0.1218432,1.520736,0.3090287,19.98962,262.5911,1.29091,Head
12/22/2016 12:14:24 PM:626,-0.1196286,1.531523,0.3104574,14.24774,262.8583,1.248958,Head
12/22/2016 12:14:24 PM:684,-0.1164441,1.544158,0.3120134,7.19262,263.1742,1.350238,Head
12/22/2016 12:14:24 PM:751,-0.111729,1.554506,0.3135173,0.7884522,263.4157,1.767184,Head
12/22/2016 12:14:24 PM:802,-0.109035,1.558252,0.314015,358.3289,263.4641,1.882468,Head
12/22/2016 12:14:24 PM:847,-0.1054927,1.562696,0.3147089,355.0909,263.4739,2.077656,Head
12/22/2016 12:14:24 PM:896,-0.1015216,1.567631,0.3149935,351.2805,263.3377,2.250207,Head
12/22/2016 12:14:24 PM:963,-0.09823111,1.570367,0.3147553,348.8439,263.0016,2.25159,Head
12/22/2016 12:14:25 PM:26,-0.09637026,1.571677,0.314266,347.6199,262.5283,2.093885,Head
12/22/2016 12:14:25 PM:71,-0.09481172,1.572694,0.3135139,346.4984,261.8097,2.0096,Head
12/22/2016 12:14:25 PM:131,-0.09320784,1.572948,0.3127179,346.0312,261.1982,1.921284,Head
12/22/2016 12:14:25 PM:201,-0.09259051,1.57265,0.3126415,346.1359,261.0577,1.851872,Head
12/22/2016 12:14:25 PM:247,-0.09237034,1.571911,0.3122083,346.6023,261.0652,1.85545,Head
12/22/2016 12:14:25 PM:304,-0.09354119,1.570406,0.3117684,347.82,261.2513,1.900532,Head
12/22/2016 12:14:25 PM:367,-0.09553704,1.568479,0.3114117,349.4454,261.3442,1.956892,Head
12/22/2016 12:14:25 PM:429,-0.09717062,1.566773,0.3112454,350.8192,261.3788,2.016237,Head
12/22/2016 12:14:25 PM:474,-0.09921377,1.564724,0.3109571,352.4413,261.4781,2.051129,Head
12/22/2016 12:14:25 PM:534,-0.1019567,1.562336,0.3103689,354.3219,261.5203,1.933811,Head
12/22/2016 12:14:25 PM:600,-0.1049937,1.560039,0.3094529,355.9496,261.4348,1.747584,Head
12/22/2016 12:14:25 PM:651,-0.1063315,1.558925,0.3091103,356.9461,261.4756,1.74157,Head
12/22/2016 12:14:25 PM:696,-0.1085964,1.556307,0.3086764,358.8004,261.5555,1.716977,Head
12/22/2016 12:14:25 PM:762,-0.1114089,1.551251,0.3079146,2.257163,261.7182,1.70903,Head
12/22/2016 12:14:25 PM:820,-0.112756,1.546732,0.3075482,5.092006,261.8426,1.72368,Head
12/22/2016 12:14:25 PM:866,-0.1146399,1.540561,0.3069914,8.96113,261.985,1.818363,Head
12/22/2016 12:14:25 PM:923,-0.1167947,1.532621,0.3061004,13.60143,262.0993,2.041404,Head
12/22/2016 12:14:25 PM:991,-0.1187206,1.524299,0.3051427,18.1658,262.1083,2.290413,Head
12/22/2016 12:14:26 PM:47,-0.1195858,1.520165,0.3045729,20.27383,262.0371,2.386343,Head
12/22/2016 12:14:26 PM:88,-0.1214294,1.514227,0.3034131,23.32478,261.9131,2.388919,Head
12/22/2016 12:14:26 PM:147,-0.1233057,1.507886,0.3020463,26.26888,261.8346,2.348709,Head
12/22/2016 12:14:26 PM:219,-0.1250994,1.500471,0.3005815,29.31399,261.9307,2.652762,Head
12/22/2016 12:14:26 PM:268,-0.1256833,1.497044,0.3000027,31.04356,262.007,2.80501,Head
12/22/2016 12:14:26 PM:315,-0.1274281,1.492718,0.2988574,32.71551,262.0382,3.014074,Head
12/22/2016 12:14:26 PM:370,-0.1286561,1.489188,0.2975729,34.28654,262.0417,2.984519,Head
12/22/2016 12:14:26 PM:438,-0.1295088,1.48618,0.2971566,35.57404,262.199,3.081841,Head
12/22/2016 12:14:26 PM:494,-0.1298072,1.484764,0.2967968,36.08241,262.2554,3.158817,Head
12/22/2016 12:14:26 PM:535,-0.1301463,1.482379,0.2967134,37.04023,262.2709,3.215441,Head
12/22/2016 12:14:26 PM:594,-0.1300584,1.480844,0.2968817,37.82203,262.2153,3.109534,Head
12/22/2016 12:14:26 PM:661,-0.1295856,1.48157,0.2968472,37.71846,262.0906,3.065248,Head
12/22/2016 12:14:26 PM:713,-0.129259,1.483077,0.2968147,37.21236,261.9357,2.871004,Head
12/22/2016 12:14:26 PM:763,-0.1289495,1.488073,0.2967938,34.97234,261.8122,2.59231,Head
12/22/2016 12:14:26 PM:818,-0.1278215,1.496329,0.2970842,31.22631,261.9426,2.355225,Head
12/22/2016 12:14:26 PM:884,-0.1257161,1.504214,0.2979235,27.59241,262.1568,2.226403,Head
12/22/2016 12:14:26 PM:935,-0.1240765,1.507835,0.2984671,25.92836,262.2079,2.168906,Head
12/22/2016 12:14:26 PM:976,-0.1220843,1.512463,0.2990848,23.68026,262.2079,2.035448,Head
12/22/2016 12:14:27 PM:29,-0.1187085,1.519283,0.300166,20.25862,262.2199,1.70375,Head
12/22/2016 12:14:27 PM:98,-0.1162015,1.523994,0.3008956,17.755,262.3221,1.585984,Head
12/22/2016 12:14:27 PM:139,-0.1135538,1.530005,0.3016937,14.4352,262.4767,1.569097,Head
12/22/2016 12:14:27 PM:201,-0.1102339,1.537435,0.3023068,10.28795,262.5865,1.609916,Head
12/22/2016 12:14:27 PM:272,-0.1068897,1.544109,0.3028895,6.431623,262.5662,1.660288,Head
12/22/2016 12:14:27 PM:322,-0.1045627,1.547704,0.303224,4.249989,262.5169,1.686881,Head
12/22/2016 12:14:27 PM:384,-0.1015915,1.552634,0.3034956,1.028808,262.3892,1.802204,Head
12/22/2016 12:14:27 PM:443,-0.09940479,1.554239,0.3034454,359.6526,262.2794,1.953505,Head
12/22/2016 12:14:27 PM:510,-0.0996732,1.551952,0.3032278,0.6471155,262.2661,1.924017,Head
12/22/2016 12:14:27 PM:561,-0.1005697,1.54907,0.30303,2.376921,262.2967,1.902203,Head
12/22/2016 12:14:27 PM:605,-0.1025163,1.544332,0.3025482,5.093127,262.3842,1.838068,Head
12/22/2016 12:14:27 PM:656,-0.1074273,1.533949,0.3022147,10.61825,262.6371,1.739734,Head
12/22/2016 12:14:27 PM:727,-0.1126479,1.519244,0.301714,18.18968,263.0175,1.838304,Head
12/22/2016 12:14:27 PM:785,-0.1172268,1.508144,0.3009744,23.35349,263.2428,2.166285,Head
12/22/2016 12:14:27 PM:834,-0.1224543,1.494535,0.2998336,29.3602,263.4142,2.59412,Head
12/22/2016 12:14:27 PM:889,-0.1284258,1.480159,0.2983053,35.44513,263.4198,3.260145,Head
12/22/2016 12:14:27 PM:957,-0.1338454,1.469543,0.296844,40.10096,263.446,4.049709,Head
12/22/2016 12:14:28 PM:7,-0.1364236,1.466397,0.2961645,41.45214,263.3503,4.333496,Head
12/22/2016 12:14:28 PM:53,-0.1390529,1.463451,0.2953365,42.73548,263.082,4.426498,Head
12/22/2016 12:14:28 PM:102,-0.1417318,1.460486,0.2947504,44.28164,262.5429,4.076643,Head
12/22/2016 12:14:28 PM:169,-0.1421144,1.458426,0.2946935,45.52737,262.0949,3.376666,Head
12/22/2016 12:14:28 PM:237,-0.1423789,1.457658,0.2948009,45.81633,262.1735,3.10423,Head
12/22/2016 12:14:28 PM:284,-0.1418143,1.457131,0.2957284,46.11584,262.8553,2.784015,Head
12/22/2016 12:14:28 PM:349,-0.141189,1.457762,0.2975334,45.62249,263.8765,2.884402,Head
12/22/2016 12:14:28 PM:437,-0.1386079,1.460071,0.2985139,44.52048,264.0507,2.844397,Head
12/22/2016 12:14:28 PM:504,-0.1372595,1.46227,0.2985546,43.49908,263.7462,2.494988,Head
12/22/2016 12:14:28 PM:568,-0.1359033,1.464434,0.2986775,42.76669,263.8394,2.41165,Head
12/22/2016 12:14:28 PM:613,-0.1350234,1.469088,0.2988434,40.93463,263.9414,2.282005,Head
12/22/2016 12:14:28 PM:672,-0.1339839,1.479185,0.2986603,36.59945,263.8098,1.986966,Head
12/22/2016 12:14:28 PM:739,-0.1319834,1.491804,0.298542,31.3138,263.5488,1.817658,Head
12/22/2016 12:14:28 PM:790,-0.1311122,1.499401,0.2985409,27.80831,263.3337,1.656548,Head
12/22/2016 12:14:28 PM:835,-0.1296487,1.510187,0.2987412,22.80379,263.1322,1.543696,Head
12/22/2016 12:14:28 PM:884,-0.126453,1.526642,0.2993762,14.77518,262.9233,1.390327,Head
12/22/2016 12:14:28 PM:951,-0.1218218,1.541091,0.3004735,7.185141,262.8293,1.28375,Head
12/22/2016 12:14:29 PM:14,-0.1180237,1.54871,0.3011459,2.70372,262.7758,1.648076,Head
12/22/2016 12:14:29 PM:60,-0.1139094,1.55644,0.3020786,358.1822,262.7515,1.958386,Head
12/22/2016 12:14:29 PM:118,-0.1088585,1.562413,0.3030801,354.051,262.4791,2.219733,Head
12/22/2016 12:14:29 PM:185,-0.1036312,1.566919,0.3035661,350.657,261.9967,2.410115,Head
12/22/2016 12:14:29 PM:238,-0.1012551,1.568524,0.3038996,349.3557,261.7702,2.44095,Head
12/22/2016 12:14:29 PM:287,-0.09791723,1.570597,0.3038681,347.5102,261.4712,2.378295,Head
12/22/2016 12:14:29 PM:342,-0.09514419,1.572099,0.3036233,345.86,261.337,1.618398,Head
12/22/2016 12:14:29 PM:410,-0.0931098,1.572769,0.3037088,344.9643,260.9196,1.296731,Head
12/22/2016 12:14:29 PM:472,-0.0922441,1.572963,0.3036364,344.6379,260.7642,1.275788,Head
12/22/2016 12:14:29 PM:516,-0.09084652,1.573342,0.3034714,344.0515,260.6201,1.362396,Head
12/22/2016 12:14:29 PM:576,-0.08959883,1.573281,0.304173,344.006,260.7296,1.419604,Head
12/22/2016 12:14:29 PM:638,-0.08899748,1.573183,0.3045127,344.0571,260.7473,1.500783,Head
12/22/2016 12:14:29 PM:685,-0.08897577,1.572851,0.3048558,344.2317,260.7319,1.555718,Head
12/22/2016 12:14:29 PM:737,-0.0892972,1.572443,0.305316,344.4625,260.7752,1.504238,Head
12/22/2016 12:14:29 PM:800,-0.08945665,1.572062,0.3057781,344.6776,260.8768,1.382063,Head
12/22/2016 12:14:29 PM:862,-0.09009857,1.571813,0.3061797,344.8849,260.982,1.317163,Head
12/22/2016 12:14:29 PM:907,-0.09074968,1.571448,0.3064672,345.1615,261.0456,1.272264,Head
12/22/2016 12:14:29 PM:958,-0.09197596,1.571232,0.3065615,345.5371,261.0308,1.258035,Head
12/22/2016 12:14:30 PM:23,-0.09274874,1.571023,0.3061599,345.8981,260.8587,1.389934,Head
12/22/2016 12:14:30 PM:87,-0.09324063,1.570805,0.3059069,346.0865,260.7378,1.436918,Head
12/22/2016 12:14:30 PM:131,-0.09335876,1.570587,0.305233,346.2469,260.6048,1.536694,Head
12/22/2016 12:14:30 PM:191,-0.09371005,1.570511,0.3051538,346.3357,260.4328,1.787566,Head
12/22/2016 12:14:30 PM:244,-0.09381351,1.570415,0.3050383,346.444,260.3512,1.758773,Head
12/22/2016 12:14:30 PM:296,-0.0938424,1.570366,0.3047541,346.5531,260.1973,1.829856,Head
12/22/2016 12:14:30 PM:350,-0.09370588,1.570158,0.3044291,346.6306,260.078,1.953254,Head
12/22/2016 12:14:30 PM:417,-0.09325478,1.570126,0.3045067,346.7075,260.0123,2.054776,Head
12/22/2016 12:14:30 PM:480,-0.09311527,1.570177,0.3044883,346.7134,260.0052,2.017126,Head
12/22/2016 12:14:30 PM:531,-0.09263198,1.570113,0.3045544,346.7199,260.0291,1.92039,Head
12/22/2016 12:14:30 PM:603,-0.09187348,1.570073,0.3049001,346.6538,260.0663,1.888046,Head
12/22/2016 12:14:30 PM:661,-0.09134302,1.570203,0.3053014,346.5776,260.0774,1.832793,Head
12/22/2016 12:14:30 PM:730,-0.09052392,1.570377,0.3057985,346.5299,260.1074,1.709396,Head
12/22/2016 12:14:30 PM:781,-0.09017633,1.570391,0.3058669,346.5287,260.1358,1.64704,Head
12/22/2016 12:14:30 PM:828,-0.08981018,1.570218,0.3059351,346.5829,260.1418,1.620298,Head
12/22/2016 12:14:30 PM:889,-0.08934795,1.570149,0.3059479,346.6969,260.0128,1.662332,Head
12/22/2016 12:14:30 PM:957,-0.08887924,1.570128,0.3059064,346.7793,259.86,1.667777,Head
12/22/2016 12:14:31 PM:5,-0.08854276,1.569919,0.3056706,346.8434,259.7939,1.706645,Head
12/22/2016 12:14:31 PM:51,-0.08810741,1.569882,0.3055703,346.8777,259.7021,1.70904,Head
12/22/2016 12:14:31 PM:108,-0.08767365,1.5698,0.3054239,346.9901,259.6286,1.719296,Head
12/22/2016 12:14:31 PM:176,-0.08735497,1.569772,0.3053315,347.0523,259.487,1.830732,Head
12/22/2016 12:14:31 PM:231,-0.0869413,1.569731,0.3052338,347.0397,259.3857,1.903306,Head
12/22/2016 12:14:31 PM:277,-0.08639163,1.569902,0.3050689,346.9875,259.2501,1.959538,Head
12/22/2016 12:14:31 PM:336,-0.08586906,1.569843,0.3050576,346.911,259.1625,1.961927,Head
12/22/2016 12:14:31 PM:401,-0.0851932,1.569808,0.3050687,346.8663,259.1262,1.998632,Head
12/22/2016 12:14:31 PM:457,-0.08486086,1.569745,0.3049747,346.9322,259.1007,2.045217,Head
12/22/2016 12:14:31 PM:510,-0.08491578,1.56959,0.3048719,347.0354,259.0051,2.119069,Head
12/22/2016 12:14:31 PM:574,-0.08520581,1.569369,0.3045197,347.3212,258.7735,2.241873,Head
12/22/2016 12:14:31 PM:635,-0.08551902,1.569068,0.304266,347.5503,258.6242,2.276965,Head
12/22/2016 12:14:31 PM:701,-0.08612918,1.568801,0.3039279,347.7643,258.5092,2.382116,Head
12/22/2016 12:14:31 PM:753,-0.08678435,1.568334,0.3035381,348.1144,258.3391,2.514157,Head
12/22/2016 12:14:31 PM:798,-0.0886358,1.566248,0.3026649,349.6318,257.9761,2.621002,Head
12/22/2016 12:14:31 PM:857,-0.09282486,1.560519,0.3009945,353.624,257.4788,2.631836,Head
12/22/2016 12:14:31 PM:923,-0.09916747,1.552274,0.2992895,359.1881,257.1408,2.531791,Head
12/22/2016 12:14:31 PM:975,-0.1024999,1.547014,0.2983111,2.432669,257.0172,2.447205,Head
12/22/2016 12:14:32 PM:21,-0.1071889,1.537093,0.2968189,8.6866,256.8179,2.150132,Head
12/22/2016 12:14:32 PM:83,-0.1128258,1.521595,0.2954725,17.38221,256.7043,1.777633,Head
12/22/2016 12:14:32 PM:146,-0.1177154,1.502007,0.2945018,27.30463,256.8633,1.54439,Head
12/22/2016 12:14:32 PM:201,-0.1200273,1.492667,0.293853,31.82883,256.8111,1.53909,Head
12/22/2016 12:14:32 PM:250,-0.124868,1.479172,0.2926714,37.31281,256.7214,1.631209,Head
12/22/2016 12:14:32 PM:304,-0.1274697,1.471335,0.2925278,41.80857,257.0989,1.884892,Head
12/22/2016 12:14:32 PM:370,-0.1305489,1.478592,0.2926454,38.92787,257.5807,1.886621,Head
12/22/2016 12:14:32 PM:437,-0.1314654,1.486936,0.2928299,35.16988,257.6967,1.6625,Head
12/22/2016 12:14:32 PM:482,-0.1321079,1.497353,0.2937943,30.62058,257.9332,1.339485,Head
12/22/2016 12:14:32 PM:542,-0.1318452,1.512205,0.2957276,23.52516,258.4595,1.045199,Head
12/22/2016 12:14:32 PM:604,-0.1291021,1.527952,0.2983593,15.20784,259.1176,0.9347495,Head
12/22/2016 12:14:32 PM:659,-0.126533,1.53539,0.2999931,11.01271,259.4059,0.8368635,Head
12/22/2016 12:14:32 PM:705,-0.1222819,1.546561,0.3025899,4.495944,259.8665,0.7981396,Head
12/22/2016 12:14:32 PM:765,-0.1163872,1.556991,0.3053653,357.8495,260.362,0.901724,Head
12/22/2016 12:14:32 PM:830,-0.1107156,1.564461,0.3072393,352.5805,260.753,1.027454,Head
12/22/2016 12:14:32 PM:883,-0.1075696,1.566609,0.3078722,350.795,260.8911,1.092207,Head
12/22/2016 12:14:32 PM:925,-0.1038816,1.570004,0.3085376,348.0107,260.9788,1.20493,Head
12/22/2016 12:14:32 PM:983,-0.1004032,1.571415,0.308263,346.4858,260.8351,1.223833,Head
12/22/2016 12:14:33 PM:51,-0.098649,1.571257,0.3077136,346.3693,260.5005,1.204326,Head
12/22/2016 12:14:33 PM:102,-0.09815477,1.570931,0.3074465,346.588,260.3184,1.292148,Head
12/22/2016 12:14:33 PM:146,-0.09819619,1.57019,0.3069012,347.1223,260.146,1.368404,Head
12/22/2016 12:14:33 PM:195,-0.09950425,1.567772,0.3059536,348.8241,259.9952,1.387497,Head
12/22/2016 12:14:33 PM:262,-0.1019256,1.563131,0.3049934,352.1951,259.9061,1.404377,Head
12/22/2016 12:14:33 PM:326,-0.1044904,1.55865,0.3041486,355.4373,259.7819,1.492113,Head
12/22/2016 12:14:33 PM:372,-0.1076939,1.552254,0.302958,359.7681,259.6172,1.615809,Head
12/22/2016 12:14:33 PM:430,-0.1118738,1.542501,0.3017187,6.073056,259.2679,1.684813,Head
12/22/2016 12:14:33 PM:503,-0.1160136,1.530874,0.300291,12.79874,258.7453,1.447108,Head
12/22/2016 12:14:33 PM:550,-0.1177735,1.524121,0.2996199,16.56701,258.5084,1.45172,Head
12/22/2016 12:14:33 PM:596,-0.1205516,1.512441,0.2988461,22.60424,258.3253,1.563218,Head
12/22/2016 12:14:33 PM:656,-0.1244701,1.499071,0.2989075,28.87338,258.532,1.727002,Head
12/22/2016 12:14:33 PM:720,-0.1283642,1.486093,0.2988793,34.21899,258.6789,1.815663,Head
12/22/2016 12:14:33 PM:777,-0.1294856,1.480767,0.2989406,36.88102,258.7252,1.728107,Head
12/22/2016 12:14:33 PM:820,-0.1316079,1.475806,0.2989662,39.07658,258.8237,1.473442,Head
12/22/2016 12:14:33 PM:878,-0.1331648,1.476767,0.2994092,38.95801,259.046,1.285864,Head
12/22/2016 12:14:33 PM:945,-0.1334692,1.483172,0.2999226,36.6593,259.1779,1.240542,Head
12/22/2016 12:14:33 PM:998,-0.1334578,1.488018,0.3002017,34.50509,259.1796,1.211245,Head
12/22/2016 12:14:34 PM:46,-0.1331092,1.496798,0.3009777,30.56555,259.1632,1.00241,Head
12/22/2016 12:14:34 PM:108,-0.1314212,1.508763,0.3023499,25.0274,259.1999,0.6923174,Head
12/22/2016 12:14:34 PM:167,-0.1286009,1.520645,0.3042063,19.02744,259.4181,0.3992941,Head
12/22/2016 12:14:34 PM:239,-0.1248611,1.531741,0.3060534,13.09071,259.7614,0.4162523,Head
12/22/2016 12:14:34 PM:298,-0.1218519,1.538257,0.3070456,9.298027,259.9536,0.5017317,Head
12/22/2016 12:14:34 PM:361,-0.116694,1.548368,0.3081866,3.282726,259.9934,0.7217659,Head
12/22/2016 12:14:34 PM:424,-0.1122451,1.555176,0.308422,358.9536,259.7275,0.9008707,Head
12/22/2016 12:14:34 PM:476,-0.1100214,1.557721,0.3084867,357.1671,259.4973,1.006483,Head
12/22/2016 12:14:34 PM:523,-0.1064526,1.561177,0.3084685,354.5167,259.0356,1.141071,Head
12/22/2016 12:14:34 PM:580,-0.1028831,1.564771,0.3083939,351.8779,258.413,1.41438,Head
12/22/2016 12:14:34 PM:648,-0.09998336,1.567355,0.3078115,349.7379,257.8808,1.639178,Head
12/22/2016 12:14:34 PM:699,-0.09822427,1.56857,0.3075473,348.8067,257.6499,1.710436,Head
12/22/2016 12:14:34 PM:752,-0.0959886,1.570359,0.3073207,347.354,257.3902,1.805751,Head
12/22/2016 12:14:34 PM:805,-0.09364833,1.571469,0.3075021,346.1079,257.2547,1.951247,Head
12/22/2016 12:14:34 PM:871,-0.09157969,1.572328,0.3078023,345.2522,257.2255,2.097808,Head
12/22/2016 12:14:34 PM:934,-0.09035681,1.57276,0.3082303,344.6783,257.181,2.123241,Head
12/22/2016 12:14:34 PM:980,-0.08922998,1.573217,0.3084751,343.9997,257.0893,2.171466,Head
12/22/2016 12:14:35 PM:40,-0.0876155,1.573795,0.3088637,343.2968,256.9978,2.109418,Head
12/22/2016 12:14:35 PM:116,-0.08666456,1.574012,0.3096641,342.8956,257.0331,1.904216,Head
12/22/2016 12:14:35 PM:178,-0.08566181,1.573903,0.3104985,342.7162,257.1939,1.658095,Head
12/22/2016 12:14:35 PM:245,-0.0849614,1.573689,0.3112853,342.7269,257.4956,1.466679,Head
12/22/2016 12:14:35 PM:296,-0.08484024,1.573543,0.3116376,342.794,257.6501,1.421891,Head
12/22/2016 12:14:35 PM:340,-0.08470441,1.573263,0.3121309,342.9673,257.8385,1.275743,Head
12/22/2016 12:14:35 PM:397,-0.08428375,1.573143,0.3125716,343.0937,257.9235,1.18583,Head
12/22/2016 12:14:35 PM:463,-0.08411323,1.572742,0.3126255,343.3727,257.9182,1.116103,Head
12/22/2016 12:14:35 PM:515,-0.08403151,1.572714,0.3126656,343.5074,257.907,1.174669,Head
12/22/2016 12:14:35 PM:562,-0.08397795,1.572529,0.3128079,343.6607,257.7946,1.248348,Head
12/22/2016 12:14:35 PM:620,-0.08375378,1.572434,0.3127897,343.8215,257.6472,1.310064,Head
12/22/2016 12:14:35 PM:687,-0.08381551,1.572358,0.3127866,343.9854,257.6844,1.314556,Head
12/22/2016 12:14:35 PM:741,-0.08387056,1.57231,0.3129407,344.0664,257.7119,1.320659,Head
12/22/2016 12:14:35 PM:788,-0.08420217,1.572195,0.3132356,344.2487,257.7239,1.338301,Head
12/22/2016 12:14:35 PM:843,-0.08456834,1.572011,0.3130386,344.4553,257.6945,1.36816,Head
12/22/2016 12:14:35 PM:912,-0.08471013,1.57168,0.3129159,344.7132,257.6052,1.529357,Head
12/22/2016 12:14:35 PM:964,-0.08492555,1.571757,0.3127972,344.7709,257.5401,1.574886,Head
12/22/2016 12:14:36 PM:8,-0.08504596,1.571613,0.312738,344.9382,257.4534,1.682949,Head
12/22/2016 12:14:36 PM:67,-0.08507995,1.571281,0.312178,345.1099,257.3104,1.841137,Head
12/22/2016 12:14:36 PM:134,-0.08511773,1.571226,0.3121198,345.2626,257.173,1.940293,Head
12/22/2016 12:14:36 PM:187,-0.08513875,1.571285,0.3121576,345.3283,257.1473,1.944785,Head
12/22/2016 12:14:36 PM:232,-0.08541158,1.570986,0.3120489,345.4972,257.1352,1.993504,Head
12/22/2016 12:14:36 PM:290,-0.08578956,1.57079,0.3119733,345.7211,257.165,2.016865,Head
12/22/2016 12:14:36 PM:357,-0.08608428,1.570538,0.3121575,345.9653,257.131,2.083009,Head
12/22/2016 12:14:36 PM:408,-0.08618584,1.570524,0.3121727,346.022,257.1029,2.111547,Head
12/22/2016 12:14:36 PM:454,-0.08586538,1.570456,0.3121827,346.0529,257.053,2.109599,Head
12/22/2016 12:14:36 PM:514,-0.08637699,1.570497,0.3124732,346.1431,257.0446,2.074934,Head
12/22/2016 12:14:36 PM:580,-0.08663201,1.570314,0.3125776,346.2403,257.0803,2.04622,Head
12/22/2016 12:14:36 PM:632,-0.08680098,1.570248,0.3125893,346.2921,257.0723,2.078323,Head
12/22/2016 12:14:36 PM:682,-0.08713138,1.570252,0.3127306,346.3793,257.0439,2.070359,Head
12/22/2016 12:14:36 PM:742,-0.08771746,1.570078,0.3129936,346.5085,257.0246,2.095602,Head
12/22/2016 12:14:36 PM:805,-0.08811154,1.570038,0.3131844,346.5949,257.0688,2.065636,Head
12/22/2016 12:14:36 PM:856,-0.08834284,1.570065,0.3132077,346.6525,257.1049,2.036175,Head
12/22/2016 12:14:36 PM:899,-0.08889104,1.570047,0.3132885,346.7288,257.18,2.029329,Head
12/22/2016 12:14:36 PM:961,-0.0897191,1.56964,0.3132325,346.8884,257.2598,2.060255,Head
12/22/2016 12:14:37 PM:24,-0.09000698,1.56957,0.3132852,346.9731,257.3365,2.063563,Head
12/22/2016 12:14:37 PM:69,-0.09074563,1.569454,0.3132176,347.0922,257.4317,2.031226,Head
12/22/2016 12:14:37 PM:128,-0.09181073,1.569403,0.3133128,347.3009,257.5612,1.945595,Head
12/22/2016 12:14:37 PM:207,-0.09272555,1.569275,0.31319,347.4843,257.7404,1.930753,Head
12/22/2016 12:14:37 PM:267,-0.09398572,1.569161,0.3131748,347.7422,257.913,2.009197,Head
12/22/2016 12:14:37 PM:335,-0.09553085,1.568706,0.3131415,348.1665,258.1698,2.018894,Head
12/22/2016 12:14:37 PM:382,-0.0969852,1.568224,0.313292,348.5085,258.356,1.927694,Head
12/22/2016 12:14:37 PM:429,-0.09955594,1.567374,0.3136085,349.3012,258.7934,1.634598,Head
12/22/2016 12:14:37 PM:488,-0.1041986,1.56474,0.3143755,351.3697,259.7195,1.137119,Head
12/22/2016 12:14:37 PM:552,-0.1108973,1.559096,0.3150046,355.3375,260.8995,0.7304631,Head
12/22/2016 12:14:37 PM:604,-0.1152029,1.554165,0.3153563,358.5607,261.507,0.5125856,Head
12/22/2016 12:14:37 PM:650,-0.1228552,1.542671,0.3157074,5.457737,262.502,0.2921541,Head
12/22/2016 12:14:37 PM:708,-0.1313737,1.519868,0.3157704,18.00923,263.6733,0.9590224,Head
12/22/2016 12:14:37 PM:781,-0.1364562,1.493371,0.3154737,31.58699,264.6313,2.216243,Head
12/22/2016 12:14:37 PM:828,-0.1393291,1.482516,0.314475,35.93399,264.6456,2.300815,Head
12/22/2016 12:14:37 PM:873,-0.1436622,1.467159,0.3135711,42.24302,264.6121,2.536983,Head
12/22/2016 12:14:37 PM:936,-0.1457284,1.460653,0.3126977,45.84444,264.1891,2.503753,Head
12/22/2016 12:14:37 PM:998,-0.1463412,1.467717,0.3122327,43.52374,263.4552,2.107303,Head
12/22/2016 12:14:38 PM:52,-0.1461645,1.474312,0.3122591,40.80943,263.2155,1.859955,Head
12/22/2016 12:14:38 PM:96,-0.1453735,1.485356,0.3124847,35.87178,263.1846,1.58725,Head
12/22/2016 12:14:38 PM:155,-0.1423094,1.501331,0.313881,28.51229,263.8819,1.46028,Head
12/22/2016 12:14:38 PM:224,-0.1368164,1.516867,0.3160532,20.91612,264.8484,1.610455,Head
12/22/2016 12:14:38 PM:276,-0.1335913,1.524087,0.31707,17.12239,265.2734,1.553117,Head
12/22/2016 12:14:38 PM:321,-0.1284187,1.534662,0.3189071,11.51881,265.8404,1.457628,Head
12/22/2016 12:14:38 PM:379,-0.1222009,1.544814,0.3206393,5.816823,266.3314,1.112206,Head
12/22/2016 12:14:38 PM:445,-0.1171575,1.553581,0.3219038,0.6286445,266.4908,1.037189,Head
12/22/2016 12:14:38 PM:497,-0.1148315,1.557122,0.3221577,358.2932,266.475,1.014179,Head
12/22/2016 12:14:38 PM:550,-0.1109903,1.56228,0.3229027,355.0212,266.322,1.096127,Head
12/22/2016 12:14:38 PM:602,-0.1051816,1.566777,0.3238846,351.3208,265.9184,1.169869,Head
12/22/2016 12:14:38 PM:669,-0.1008839,1.570074,0.3238827,348.6682,265.4443,1.152053,Head
12/22/2016 12:14:38 PM:722,-0.09882693,1.571177,0.3240343,347.7062,265.2739,1.085976,Head
12/22/2016 12:14:38 PM:770,-0.0959233,1.572594,0.3236052,346.3658,264.9628,1.176367,Head
12/22/2016 12:14:38 PM:827,-0.0925695,1.573068,0.3229874,345.6763,264.6317,1.540015,Head
12/22/2016 12:14:38 PM:893,-0.0902217,1.573732,0.3220462,345.1695,264.2695,1.752152,Head
12/22/2016 12:14:38 PM:945,-0.08931543,1.573739,0.3218887,345.1397,264.125,1.764921,Head
12/22/2016 12:14:38 PM:990,-0.08793992,1.57352,0.321404,345.1049,263.9986,1.745076,Head
12/22/2016 12:14:39 PM:49,-0.08693366,1.572958,0.3212878,345.3798,264.0261,1.62191,Head
12/22/2016 12:14:39 PM:117,-0.08692096,1.571711,0.3211391,346.2219,264.1601,1.499213,Head
12/22/2016 12:14:39 PM:167,-0.08733545,1.570535,0.3210849,347.1061,264.2031,1.475258,Head
12/22/2016 12:14:39 PM:220,-0.08836384,1.567932,0.3208279,349.1757,264.1574,1.438689,Head
12/22/2016 12:14:39 PM:274,-0.08982854,1.562285,0.3203667,353.4825,263.9586,1.361267,Head
12/22/2016 12:14:39 PM:339,-0.09146623,1.555337,0.3195654,358.6897,263.5164,1.067173,Head
12/22/2016 12:14:39 PM:402,-0.09185798,1.551211,0.3187076,1.499934,262.9217,1.015115,Head
12/22/2016 12:14:39 PM:448,-0.09242676,1.546815,0.3175592,4.454606,262.0067,0.8472654,Head
12/22/2016 12:14:39 PM:508,-0.09322175,1.541448,0.3160163,7.968558,260.881,0.7523587,Head
12/22/2016 12:14:39 PM:580,-0.09461633,1.538093,0.3146163,10.11853,260.354,0.7186813,Head
12/22/2016 12:14:39 PM:632,-0.09508763,1.537165,0.3144262,10.73649,260.4113,0.8252665,Head
12/22/2016 12:14:39 PM:674,-0.09563665,1.536912,0.3141518,10.96839,260.6681,1.006993,Head
12/22/2016 12:14:39 PM:738,-0.09566136,1.53997,0.3140886,9.31057,261.094,1.05995,Head
12/22/2016 12:14:39 PM:796,-0.09573763,1.545256,0.3145058,6.063279,261.738,0.935784,Head
12/22/2016 12:14:39 PM:870,-0.0951865,1.550976,0.3154307,2.41413,262.5978,0.9304402,Head
12/22/2016 12:14:39 PM:921,-0.09475891,1.553554,0.3160652,0.6946609,263.0697,0.9555877,Head
12/22/2016 12:14:39 PM:965,-0.09446445,1.557234,0.3170192,358.0695,263.7606,0.928315,Head
12/22/2016 12:14:40 PM:20,-0.09451691,1.561557,0.3178133,355.0741,264.2276,0.7875666,Head
12/22/2016 12:14:40 PM:87,-0.09444888,1.564953,0.3182029,352.4464,264.0596,0.4601974,Head
12/22/2016 12:14:40 PM:142,-0.09464927,1.566538,0.3183347,351.2765,263.9481,0.3299876,Head
12/22/2016 12:14:40 PM:186,-0.09509362,1.568719,0.3187903,349.533,263.8835,0.2369925,Head
12/22/2016 12:14:40 PM:246,-0.09564488,1.570827,0.3193406,347.9732,264.0518,0.2448352,Head
12/22/2016 12:14:40 PM:311,-0.09629706,1.571824,0.3200558,347.1914,264.3113,0.3277453,Head
12/22/2016 12:14:40 PM:363,-0.09656449,1.571986,0.3201242,346.976,264.3769,0.3768379,Head
12/22/2016 12:14:40 PM:409,-0.09716468,1.572169,0.3202381,346.9487,264.3901,0.4705155,Head
12/22/2016 12:14:40 PM:474,-0.0978106,1.571717,0.320338,347.2533,264.2623,0.4606713,Head
12/22/2016 12:14:40 PM:535,-0.09855726,1.571244,0.3202513,347.5973,264.1831,0.4609322,Head
12/22/2016 12:14:40 PM:590,-0.09851667,1.57094,0.3204328,347.7521,264.2214,0.4866611,Head
12/22/2016 12:14:40 PM:639,-0.09905732,1.570669,0.3205247,347.9217,264.3274,0.4882868,Head
12/22/2016 12:14:40 PM:691,-0.09931034,1.570589,0.3207303,348.0634,264.4753,0.460879,Head
12/22/2016 12:14:40 PM:759,-0.0998843,1.570601,0.3210708,348.1362,264.6347,0.4191465,Head
12/22/2016 12:14:40 PM:810,-0.1002385,1.570488,0.3210765,348.278,264.6601,0.40101,Head
12/22/2016 12:14:40 PM:860,-0.1010547,1.570319,0.3210791,348.4421,264.6856,0.4068363,Head
12/22/2016 12:14:40 PM:915,-0.1016386,1.569746,0.3208409,348.8092,264.6823,0.3910455,Head
12/22/2016 12:14:40 PM:981,-0.1017343,1.569808,0.3210877,348.9532,264.6364,0.4187596,Head
12/22/2016 12:14:41 PM:34,-0.1017458,1.569982,0.3212535,348.9847,264.6102,0.4290487,Head
12/22/2016 12:14:41 PM:84,-0.1015422,1.570087,0.3212398,349.0121,264.5697,0.4757955,Head
12/22/2016 12:14:41 PM:137,-0.1016735,1.569912,0.3213459,349.1176,264.6036,0.472983,Head
12/22/2016 12:14:41 PM:211,-0.1016248,1.569764,0.321516,349.2596,264.686,0.4947973,Head
12/22/2016 12:14:41 PM:262,-0.1015815,1.569713,0.3216787,349.3252,264.7203,0.4944423,Head
12/22/2016 12:14:41 PM:306,-0.1014184,1.56966,0.3219167,349.2914,264.7795,0.4622836,Head
12/22/2016 12:14:41 PM:363,-0.1012412,1.569879,0.3221187,349.3113,264.9457,0.3739932,Head
12/22/2016 12:14:41 PM:429,-0.1007993,1.569893,0.3220369,349.301,265.0717,0.2948842,Head
12/22/2016 12:14:41 PM:494,-0.1007423,1.569963,0.3222457,349.3261,265.1349,0.2582783,Head
12/22/2016 12:14:41 PM:536,-0.1004898,1.569729,0.3220848,349.35,265.1721,0.2786658,Head
12/22/2016 12:14:41 PM:596,-0.09977151,1.569746,0.3220422,349.3699,265.1121,0.364751,Head
12/22/2016 12:14:41 PM:662,-0.09916678,1.569924,0.3219481,349.2623,265.0176,0.4361778,Head
12/22/2016 12:14:41 PM:715,-0.09852919,1.569755,0.3218968,349.2065,265.0242,0.4163927,Head
12/22/2016 12:14:41 PM:763,-0.0979148,1.569797,0.3218247,349.1837,265.1064,0.4065797,Head
12/22/2016 12:14:41 PM:819,-0.09719006,1.569815,0.3217599,349.2012,265.2186,0.4157994,Head
12/22/2016 12:14:41 PM:887,-0.09663468,1.569864,0.3213614,349.2012,265.2794,0.4936047,Head
12/22/2016 12:14:41 PM:938,-0.09648287,1.569779,0.3211631,349.2019,265.3197,0.4906575,Head
12/22/2016 12:14:41 PM:984,-0.09604456,1.569823,0.320988,349.252,265.3793,0.5907183,Head
12/22/2016 12:14:42 PM:44,-0.09553225,1.569889,0.3205622,349.2692,265.4635,0.6157489,Head
12/22/2016 12:14:42 PM:109,-0.095469,1.569672,0.3199759,349.3211,265.5549,0.6630699,Head
12/22/2016 12:14:42 PM:161,-0.09493639,1.569683,0.3196736,349.3336,265.5359,0.7010426,Head
12/22/2016 12:14:42 PM:206,-0.09456831,1.569596,0.3191032,349.3444,265.4728,0.7547458,Head
12/22/2016 12:14:42 PM:272,-0.09414358,1.569585,0.318683,349.3013,265.3928,0.7435217,Head
12/22/2016 12:14:42 PM:332,-0.093693,1.569523,0.3185914,349.2521,265.3689,0.7252818,Head
12/22/2016 12:14:42 PM:380,-0.09351122,1.569596,0.318111,349.2073,265.3416,0.7484446,Head
12/22/2016 12:14:42 PM:435,-0.09290909,1.56964,0.3173701,349.1757,265.2066,0.8540291,Head
12/22/2016 12:14:42 PM:500,-0.09286161,1.569472,0.3168218,349.1531,265.019,0.8766447,Head
12/22/2016 12:14:42 PM:552,-0.09305456,1.569566,0.3164185,349.1318,264.9988,0.8609172,Head
12/22/2016 12:14:42 PM:597,-0.09339671,1.56951,0.315814,349.1441,265.0138,0.8866974,Head
12/22/2016 12:14:42 PM:657,-0.09427303,1.569431,0.3155245,349.1384,265.0526,0.9022503,Head
12/22/2016 12:14:42 PM:723,-0.09524435,1.569324,0.3150591,349.2044,265.0359,0.9645015,Head
12/22/2016 12:14:42 PM:778,-0.09556372,1.56933,0.3147918,349.2383,264.9987,0.9882177,Head
12/22/2016 12:14:42 PM:822,-0.09623704,1.569346,0.314244,349.313,264.9529,1.077531,Head
12/22/2016 12:14:42 PM:880,-0.09725873,1.569218,0.3137586,349.3466,264.9207,1.137731,Head
12/22/2016 12:14:42 PM:946,-0.0977637,1.569369,0.313423,349.3825,264.9177,1.167635,Head
12/22/2016 12:14:43 PM:5,-0.09816463,1.569253,0.3131356,349.4097,264.9066,1.186025,Head
12/22/2016 12:14:43 PM:48,-0.09888844,1.56927,0.3129841,349.4824,264.881,1.198328,Head
12/22/2016 12:14:43 PM:103,-0.0999357,1.569138,0.3128058,349.575,264.8096,1.185463,Head
12/22/2016 12:14:43 PM:170,-0.1007001,1.569068,0.3124689,349.6842,264.7828,1.218761,Head
12/22/2016 12:14:43 PM:222,-0.1014355,1.568885,0.3124988,349.7271,264.7921,1.175779,Head
12/22/2016 12:14:43 PM:272,-0.1022449,1.568858,0.3124351,349.7909,264.7724,1.205098,Head
12/22/2016 12:14:43 PM:328,-0.1028065,1.568983,0.3123581,349.793,264.7025,1.244272,Head
12/22/2016 12:14:43 PM:394,-0.1032146,1.568997,0.3125991,349.7613,264.6461,1.24942,Head
12/22/2016 12:14:43 PM:448,-0.1034862,1.569043,0.3126183,349.7321,264.6492,1.252598,Head
12/22/2016 12:14:43 PM:495,-0.1038333,1.56908,0.3127421,349.6955,264.6938,1.203448,Head
12/22/2016 12:14:43 PM:550,-0.1043981,1.568931,0.3130088,349.738,264.7633,1.163908,Head
12/22/2016 12:14:43 PM:624,-0.1049666,1.568865,0.3132583,349.819,264.7689,1.205392,Head
12/22/2016 12:14:43 PM:669,-0.1053744,1.568808,0.3133085,349.8338,264.7261,1.236299,Head
12/22/2016 12:14:43 PM:714,-0.1060596,1.568769,0.3134107,349.8524,264.7097,1.253014,Head
12/22/2016 12:14:43 PM:777,-0.1068345,1.568736,0.3135647,349.8572,264.8112,1.293071,Head
12/22/2016 12:14:43 PM:840,-0.1075571,1.568855,0.314075,349.941,264.8969,1.148163,Head
12/22/2016 12:14:43 PM:893,-0.1079704,1.568765,0.3142192,349.9666,264.8818,1.126726,Head
12/22/2016 12:14:43 PM:942,-0.1085154,1.568751,0.3144222,349.9871,264.8231,1.158001,Head
12/22/2016 12:14:43 PM:997,-0.1092487,1.568694,0.3148792,350.0396,264.8242,1.210585,Head
12/22/2016 12:14:44 PM:64,-0.109718,1.568728,0.3152537,350.0563,264.7503,1.233196,Head
12/22/2016 12:14:44 PM:116,-0.1098166,1.568645,0.3153124,350.1241,264.7371,1.184846,Head
12/22/2016 12:14:44 PM:161,-0.109915,1.568657,0.3159167,350.0212,264.7332,1.152713,Head
12/22/2016 12:14:44 PM:227,-0.1097882,1.568975,0.3164865,349.8945,264.7321,1.14053,Head
12/22/2016 12:14:44 PM:288,-0.1097463,1.569068,0.3171909,349.838,264.728,1.105255,Head
12/22/2016 12:14:44 PM:341,-0.1095382,1.569183,0.3178125,349.794,264.7831,1.062124,Head
12/22/2016 12:14:44 PM:384,-0.1093681,1.569365,0.3185882,349.7764,264.8844,1.052555,Head
12/22/2016 12:14:44 PM:450,-0.1089233,1.569459,0.3194693,349.7051,264.9846,0.9802557,Head
12/22/2016 12:14:44 PM:511,-0.1077936,1.569629,0.3202724,349.5554,265.0656,0.9244088,Head
12/22/2016 12:14:44 PM:563,-0.1072028,1.569731,0.3205572,349.484,265.0681,0.9233621,Head
12/22/2016 12:14:44 PM:608,-0.106069,1.569768,0.3211618,349.3824,265.0764,0.9115064,Head
12/22/2016 12:14:44 PM:667,-0.1045976,1.569929,0.3220663,349.2776,265.0314,0.8955942,Head
12/22/2016 12:14:44 PM:737,-0.1034623,1.569921,0.3226485,349.2426,264.9553,0.8165586,Head
12/22/2016 12:14:44 PM:790,-0.1029858,1.570004,0.322928,349.2039,264.972,0.7786992,Head
12/22/2016 12:14:44 PM:831,-0.1017742,1.570142,0.323384,349.1471,264.9376,0.759829,Head
12/22/2016 12:14:44 PM:891,-0.09999566,1.570277,0.323549,349.0259,264.6978,0.8113073,Head
12/22/2016 12:14:44 PM:958,-0.09830286,1.570592,0.323869,348.8426,264.4486,0.8672284,Head
12/22/2016 12:14:45 PM:10,-0.09739881,1.570918,0.3237108,348.7079,264.2646,0.914369,Head
12/22/2016 12:14:45 PM:57,-0.09548827,1.571545,0.323689,348.2906,263.959,0.8759174,Head
12/22/2016 12:14:45 PM:116,-0.0925726,1.572666,0.3237217,347.3858,263.5587,0.8849596,Head
12/22/2016 12:14:45 PM:183,-0.08943054,1.574016,0.3239433,346.2534,263.2043,0.9315202,Head
12/22/2016 12:14:45 PM:236,-0.08773086,1.574562,0.3241046,345.6847,263.0421,1.024765,Head
12/22/2016 12:14:45 PM:288,-0.08537673,1.575709,0.3243312,344.6378,262.7981,1.112439,Head
12/22/2016 12:14:45 PM:337,-0.08229646,1.576714,0.3249754,343.6921,262.6164,1.011491,Head
12/22/2016 12:14:45 PM:405,-0.07990169,1.577392,0.3256631,343.0355,262.6844,0.8401638,Head
12/22/2016 12:14:45 PM:471,-0.07885173,1.577734,0.3261678,342.6776,262.8644,0.6916646,Head
12/22/2016 12:14:45 PM:519,-0.07753365,1.578091,0.3269019,342.2456,263.0936,0.4876042,Head
12/22/2016 12:14:45 PM:573,-0.07638711,1.578374,0.3276808,341.8057,263.3942,0.2356172,Head
