2/24/2017 3:56:56 PM:755,0,0,0,0,0,0,LeftController
2/24/2017 3:56:56 PM:793,-0.778842,1.166752,-0.09852242,341.2947,279.0809,345.8058,LeftController
2/24/2017 3:56:56 PM:826,-0.7794837,1.168038,-0.09984601,341.0701,278.905,345.7797,LeftController
2/24/2017 3:56:56 PM:860,-0.7791263,1.168515,-0.1010449,340.8867,278.7204,345.9023,LeftController
2/24/2017 3:56:56 PM:893,-0.7793908,1.16935,-0.1017064,340.8017,278.6825,345.7223,LeftController
2/24/2017 3:56:56 PM:927,-0.779619,1.170036,-0.1027317,340.6391,278.5758,345.7275,LeftController
2/24/2017 3:56:56 PM:960,-0.7796832,1.170524,-0.1038331,340.515,278.4796,345.6614,LeftController
2/24/2017 3:56:56 PM:993,-0.7796102,1.170959,-0.1050112,340.467,278.3186,345.6493,LeftController
2/24/2017 3:56:57 PM:27,-0.7798629,1.171785,-0.1064725,340.4106,278.1196,345.7048,LeftController
2/24/2017 3:56:57 PM:60,-0.7789681,1.17153,-0.1069208,340.3187,277.9812,345.6508,LeftController
2/24/2017 3:56:57 PM:94,-0.780184,1.172322,-0.108547,340.3309,277.8752,345.7229,LeftController
2/24/2017 3:56:57 PM:127,-0.7800314,1.171983,-0.1090875,340.4763,277.7885,345.6357,LeftController
2/24/2017 3:56:57 PM:161,-0.7792645,1.171263,-0.1096325,340.5687,277.6249,345.6073,LeftController
2/24/2017 3:56:57 PM:195,-0.778564,1.170674,-0.1101481,340.5196,277.5414,345.8917,LeftController
2/24/2017 3:56:57 PM:240,-0.7765161,1.169549,-0.1094419,340.6367,277.5093,345.8222,LeftController
2/24/2017 3:56:57 PM:295,-0.7755166,1.16911,-0.1091506,340.768,277.4121,345.9952,LeftController
2/24/2017 3:56:57 PM:328,-0.7754794,1.169453,-0.1089342,340.7028,277.534,346.0137,LeftController
2/24/2017 3:56:57 PM:362,-0.775447,1.169341,-0.1084988,340.7649,277.6483,346.0055,LeftController
2/24/2017 3:56:57 PM:396,-0.7742705,1.168905,-0.1074456,340.7645,277.7614,345.871,LeftController
2/24/2017 3:56:57 PM:429,-0.7752609,1.170225,-0.107422,340.7266,277.9591,346.0198,LeftController
2/24/2017 3:56:57 PM:463,-0.7736764,1.169819,-0.1058384,340.6258,278.1918,346.0815,LeftController
2/24/2017 3:56:57 PM:496,-0.7736654,1.170585,-0.1050092,340.6266,278.3584,346.0266,LeftController
2/24/2017 3:56:57 PM:530,-0.7733181,1.170585,-0.1041256,340.6173,278.5416,346.0162,LeftController
2/24/2017 3:56:57 PM:574,-0.7708442,1.169911,-0.1019949,340.5095,278.7881,346.1812,LeftController
2/24/2017 3:56:57 PM:607,-0.7706389,1.169946,-0.1011969,340.4918,278.9575,346.256,LeftController
2/24/2017 3:56:57 PM:641,-0.7701702,1.170219,-0.1002409,340.4848,279.1749,346.1896,LeftController
2/24/2017 3:56:57 PM:710,-0.769351,1.16984,-0.09891772,340.5753,279.5036,346.311,LeftController
2/24/2017 3:56:57 PM:764,-0.7700026,1.170428,-0.09897077,340.5656,279.5936,346.2929,LeftController
2/24/2017 3:56:57 PM:797,-0.769877,1.170926,-0.09841359,340.4553,279.7075,346.3111,LeftController
2/24/2017 3:56:57 PM:831,-0.769105,1.171366,-0.09755301,340.3453,279.7865,346.278,LeftController
2/24/2017 3:56:57 PM:865,-0.7687178,1.172413,-0.09694791,340.1928,279.9973,346.1829,LeftController
2/24/2017 3:56:57 PM:898,-0.7684977,1.173455,-0.09565556,340.0178,280.2876,346.2225,LeftController
2/24/2017 3:56:57 PM:931,-0.7683432,1.174359,-0.09390128,339.8759,280.6726,346.1783,LeftController
2/24/2017 3:56:57 PM:964,-0.7674255,1.17541,-0.09154105,339.7617,281.1707,345.991,LeftController
2/24/2017 3:56:57 PM:998,-0.7667117,1.176136,-0.088606,339.6016,281.7086,346.0265,LeftController
2/24/2017 3:56:58 PM:31,-0.7652552,1.176875,-0.08493996,339.5075,282.4309,346.1408,LeftController
2/24/2017 3:56:58 PM:65,-0.7641063,1.17728,-0.08072984,339.5606,283.1703,345.9904,LeftController
2/24/2017 3:56:58 PM:99,-0.7625694,1.177364,-0.07615387,339.6194,283.9646,345.9556,LeftController
2/24/2017 3:56:58 PM:133,-0.7607238,1.177496,-0.07136071,339.6104,284.8259,346.0407,LeftController
2/24/2017 3:56:58 PM:167,-0.7588253,1.177492,-0.06637371,339.7021,285.664,345.9986,LeftController
2/24/2017 3:56:58 PM:222,-0.7548957,1.177095,-0.05695283,339.826,287.2607,345.9023,LeftController
2/24/2017 3:56:58 PM:255,-0.753865,1.177473,-0.05418861,339.7883,287.7773,346.0611,LeftController
2/24/2017 3:56:58 PM:289,-0.7516744,1.177102,-0.04921997,339.8951,288.5585,345.9391,LeftController
2/24/2017 3:56:58 PM:323,-0.751174,1.177721,-0.04653466,339.8609,289.1891,345.8865,LeftController
2/24/2017 3:56:58 PM:356,-0.7505851,1.178093,-0.04371428,339.8434,289.685,345.8434,LeftController
2/24/2017 3:56:58 PM:389,-0.7501493,1.178474,-0.04144919,339.7511,290.1388,345.8431,LeftController
2/24/2017 3:56:58 PM:422,-0.7498417,1.179346,-0.0397625,339.6505,290.449,345.7188,LeftController
2/24/2017 3:56:58 PM:456,-0.7490771,1.180058,-0.03789294,339.4654,290.6768,345.5858,LeftController
2/24/2017 3:56:58 PM:490,-0.7488801,1.181515,-0.03742337,339.0902,290.8064,345.7129,LeftController
2/24/2017 3:56:58 PM:523,-0.7495716,1.183577,-0.0384531,338.7559,290.8478,345.6945,LeftController
2/24/2017 3:56:58 PM:557,-0.7495313,1.18512,-0.03913355,338.3781,290.8715,345.6974,LeftController
2/24/2017 3:56:58 PM:591,-0.7494738,1.186018,-0.03968263,338.0894,290.823,345.6703,LeftController
2/24/2017 3:56:58 PM:626,-0.749578,1.18708,-0.04010439,337.9482,290.8181,345.5944,LeftController
2/24/2017 3:56:58 PM:657,-2.281641,2.032343,-0.9000083,347.4127,297.1434,351.0328,LeftController
2/24/2017 3:56:58 PM:691,-2.203358,1.968691,-0.8491547,345.5,297.8539,350.0219,LeftController
2/24/2017 3:56:58 PM:724,-2.159226,1.933987,-0.8219695,343.9576,298.9268,348.7817,LeftController
2/24/2017 3:56:58 PM:758,-2.159226,1.933987,-0.8219695,343.9576,298.9268,348.7817,LeftController
2/24/2017 3:56:58 PM:792,-2.159226,1.933987,-0.8219695,343.9576,298.9268,348.7817,LeftController
2/24/2017 3:56:58 PM:825,-2.159226,1.933987,-0.8219695,343.9576,298.9268,348.7817,LeftController
2/24/2017 3:56:58 PM:859,-2.159226,1.933987,-0.8219695,343.9576,298.9268,348.7817,LeftController
2/24/2017 3:56:58 PM:895,-2.159226,1.933987,-0.8219695,343.9576,298.9268,348.7817,LeftController
2/24/2017 3:56:58 PM:950,-2.159226,1.933987,-0.8219695,343.9576,298.9268,348.7817,LeftController
2/24/2017 3:56:59 PM:4,-2.159226,1.933987,-0.8219695,343.9576,298.9268,348.7817,LeftController
2/24/2017 3:56:59 PM:37,-2.159226,1.933987,-0.8219695,343.9576,298.9268,348.7817,LeftController
2/24/2017 3:56:59 PM:71,-2.159226,1.933987,-0.8219695,343.9576,298.9268,348.7817,LeftController
2/24/2017 3:56:59 PM:106,-2.159226,1.933987,-0.8219695,343.9576,298.9268,348.7817,LeftController
2/24/2017 3:56:59 PM:138,-2.159226,1.933987,-0.8219695,343.9576,298.9268,348.7817,LeftController
2/24/2017 3:56:59 PM:171,-2.159226,1.933987,-0.8219695,343.9576,298.9268,348.7817,LeftController
2/24/2017 3:56:59 PM:205,-2.159226,1.933987,-0.8219695,343.9576,298.9268,348.7817,LeftController
2/24/2017 3:56:59 PM:238,-2.159226,1.933987,-0.8219695,343.9576,298.9268,348.7817,LeftController
2/24/2017 3:56:59 PM:284,-2.159226,1.933987,-0.8219695,343.9576,298.9268,348.7817,LeftController
2/24/2017 3:56:59 PM:317,-2.159226,1.933987,-0.8219695,343.9576,298.9268,348.7817,LeftController
2/24/2017 3:56:59 PM:350,-2.159226,1.933987,-0.8219695,343.9576,298.9268,348.7817,LeftController
2/24/2017 3:56:59 PM:383,-2.159226,1.933987,-0.8219695,343.9576,298.9268,348.7817,LeftController
2/24/2017 3:56:59 PM:418,-0.7883168,1.221154,-0.243631,332.9098,258.655,346.1389,LeftController
2/24/2017 3:56:59 PM:451,-0.7849662,1.221553,-0.2683516,332.8176,254.4837,345.9023,LeftController
2/24/2017 3:56:59 PM:484,-0.7810462,1.221737,-0.2953336,333.1883,250.2068,345.7681,LeftController
2/24/2017 3:56:59 PM:518,-0.7747669,1.221843,-0.3184508,333.6692,245.795,345.2256,LeftController
2/24/2017 3:56:59 PM:551,-0.7695351,1.223465,-0.3416723,333.7601,240.7765,345.2136,LeftController
2/24/2017 3:56:59 PM:587,-0.7608895,1.225021,-0.3627501,333.3669,235.8973,345.6262,LeftController
2/24/2017 3:56:59 PM:618,-0.7487917,1.224431,-0.3805061,333.0866,231.2133,346.1151,LeftController
2/24/2017 3:56:59 PM:652,-0.7356343,1.223051,-0.3966339,333.1467,226.5193,346.4607,LeftController
2/24/2017 3:56:59 PM:686,-0.7221832,1.221058,-0.4117661,333.342,222.0512,347.0143,LeftController
2/24/2017 3:56:59 PM:719,-0.7077119,1.218865,-0.4253044,333.754,217.659,347.6242,LeftController
2/24/2017 3:56:59 PM:769,-0.6855497,1.216711,-0.4393921,334.1326,211.9564,347.8234,LeftController
2/24/2017 3:56:59 PM:831,-0.6455965,1.215056,-0.4570642,333.1682,202.6076,348.9902,LeftController
2/24/2017 3:56:59 PM:887,-0.6222672,1.212813,-0.4640948,333.7761,198.1308,348.0532,LeftController
2/24/2017 3:56:59 PM:932,-0.5983124,1.210008,-0.4694387,334.1936,193.9339,347.5938,LeftController
2/24/2017 3:56:59 PM:966,-0.5787923,1.208099,-0.4723594,334.6085,190.3837,347.1877,LeftController
2/24/2017 3:56:59 PM:999,-0.5582833,1.206455,-0.4742254,334.7961,186.762,347.1257,LeftController
2/24/2017 3:57:00 PM:44,-0.5309131,1.204852,-0.4750262,334.8247,182.1075,347.4947,LeftController
2/24/2017 3:57:00 PM:80,-0.510807,1.203969,-0.4751825,335.102,178.951,347.2542,LeftController
2/24/2017 3:57:00 PM:144,-0.4679561,1.204172,-0.4725146,335.1725,173.0687,346.4178,LeftController
2/24/2017 3:57:00 PM:200,-0.4452281,1.205033,-0.4701295,334.9645,170.1086,346.0594,LeftController
2/24/2017 3:57:00 PM:233,-0.4291792,1.206509,-0.4677702,334.6538,167.8138,345.9302,LeftController
2/24/2017 3:57:00 PM:290,-0.3989336,1.208532,-0.463282,334.2426,163.3419,345.9306,LeftController
2/24/2017 3:57:00 PM:357,-0.3688664,1.208437,-0.4612194,334.1396,159.4151,346.2133,LeftController
2/24/2017 3:57:00 PM:393,-0.3586185,1.207885,-0.4604642,333.865,157.9566,346.635,LeftController
2/24/2017 3:57:00 PM:446,-0.3288503,1.20615,-0.4590177,333.2999,154.5274,346.9939,LeftController
2/24/2017 3:57:00 PM:502,-0.3089676,1.204697,-0.4602324,333.0142,152.8773,346.7427,LeftController
2/24/2017 3:57:00 PM:547,-0.2891555,1.204036,-0.4607086,332.7302,151.5748,346.731,LeftController
2/24/2017 3:57:00 PM:580,-0.2744555,1.203424,-0.4608899,333.0118,150.1721,346.1076,LeftController
2/24/2017 3:57:00 PM:625,-0.255466,1.203828,-0.4597965,332.6702,147.6461,346.1141,LeftController
2/24/2017 3:57:00 PM:669,-0.2358174,1.202911,-0.4568753,332.7382,145.0801,346.4305,LeftController
2/24/2017 3:57:00 PM:725,-0.2100635,1.20172,-0.4526425,333.443,140.7126,346.4696,LeftController
2/24/2017 3:57:00 PM:792,-0.1922021,1.201953,-0.4483069,333.6447,137.2284,345.6945,LeftController
2/24/2017 3:57:00 PM:838,-0.185365,1.203325,-0.4463068,333.3701,135.3077,346.2169,LeftController
2/24/2017 3:57:00 PM:881,-0.1803653,1.205292,-0.446472,333.3072,133.8783,345.2542,LeftController
2/24/2017 3:57:00 PM:914,-0.1807106,1.208155,-0.4493248,333.0461,133.5184,344.3474,LeftController
2/24/2017 3:57:00 PM:982,-0.2015903,1.220919,-0.4677813,330.6896,136.2621,344.0125,LeftController
2/24/2017 3:57:01 PM:37,-0.2322893,1.230382,-0.4880903,328.601,141.7672,343.772,LeftController
2/24/2017 3:57:01 PM:70,-0.2577567,1.235232,-0.503291,327.5648,145.9495,344.9125,LeftController
2/24/2017 3:57:01 PM:115,-0.2972908,1.238507,-0.5248059,327.1945,152.2584,345.8839,LeftController
2/24/2017 3:57:01 PM:161,-0.3461862,1.237689,-0.5438011,327.9579,160.1873,346.8902,LeftController
2/24/2017 3:57:01 PM:217,-0.4285629,1.238232,-0.5626258,327.3789,171.2473,351.2628,LeftController
2/24/2017 3:57:01 PM:272,-0.4689584,1.237755,-0.5679979,328.5293,178.0166,351.6183,LeftController
2/24/2017 3:57:01 PM:317,-0.5013895,1.239189,-0.5712453,328.8588,182.7729,351.7635,LeftController
2/24/2017 3:57:01 PM:361,-0.5186505,1.245645,-0.5731928,327.833,184.7803,352.5875,LeftController
2/24/2017 3:57:01 PM:405,-0.5147052,1.251951,-0.5756427,326.2253,184.7494,353.2709,LeftController
2/24/2017 3:57:01 PM:451,-0.4918444,1.254896,-0.580219,325.341,181.3623,353.0455,LeftController
2/24/2017 3:57:01 PM:518,-0.4118941,1.253963,-0.5806754,324.5096,169.5757,352.5757,LeftController
2/24/2017 3:57:01 PM:573,-0.3502924,1.248738,-0.5718948,324.8089,160.5462,351.5435,LeftController
2/24/2017 3:57:01 PM:609,-0.3106871,1.248112,-0.5629834,324.9573,154.0598,351.0554,LeftController
2/24/2017 3:57:01 PM:674,-0.2137666,1.24308,-0.5250011,325.9949,139.9172,349.205,LeftController
2/24/2017 3:57:01 PM:729,-0.1672823,1.243556,-0.4926713,326.35,131.6262,348.2968,LeftController
2/24/2017 3:57:01 PM:765,-0.1370504,1.24436,-0.4669297,325.6127,125.9425,347.7004,LeftController
2/24/2017 3:57:01 PM:808,-0.1069226,1.246252,-0.4335545,324.8729,119.1672,347.1643,LeftController
2/24/2017 3:57:01 PM:841,-0.08686829,1.245815,-0.4109952,325.5322,114.7078,345.9828,LeftController
2/24/2017 3:57:01 PM:886,-0.06517172,1.243835,-0.3830593,326.7978,109.0604,345.7755,LeftController
2/24/2017 3:57:01 PM:932,-0.05053091,1.242034,-0.3609502,327.6342,104.7226,345.4255,LeftController
2/24/2017 3:57:01 PM:964,-0.04436207,1.242426,-0.3471543,327.5876,101.9232,345.2136,LeftController
2/24/2017 3:57:02 PM:9,-0.04088807,1.242899,-0.3337768,326.8272,98.47341,346.8661,LeftController
2/24/2017 3:57:02 PM:42,-0.03733563,1.241175,-0.3264291,326.7533,96.34555,347.5979,LeftController
2/24/2017 3:57:02 PM:78,-0.03672504,1.238815,-0.3240184,327.6828,94.93851,348.0316,LeftController
2/24/2017 3:57:02 PM:121,-0.03897405,1.234991,-0.3255205,329.3788,93.78082,347.9372,LeftController
2/24/2017 3:57:02 PM:155,-0.03963995,1.230971,-0.3271517,330.1661,92.93993,348.7001,LeftController
2/24/2017 3:57:02 PM:188,-0.0397222,1.22646,-0.3288467,331.2612,91.91476,349.7248,LeftController
2/24/2017 3:57:02 PM:234,-0.04052162,1.220978,-0.332357,332.6882,90.80482,349.9839,LeftController
2/24/2017 3:57:02 PM:277,-0.04228878,1.216779,-0.3359057,333.0633,89.88342,351.1007,LeftController
2/24/2017 3:57:02 PM:310,-0.04316807,1.213856,-0.3377845,333.325,89.10238,352.2211,LeftController
2/24/2017 3:57:02 PM:344,-0.04357314,1.210892,-0.3397641,334.1707,88.87519,352.6188,LeftController
2/24/2017 3:57:02 PM:378,-0.0448699,1.208986,-0.3417269,334.718,88.93838,353.0136,LeftController
2/24/2017 3:57:02 PM:414,-0.04783297,1.208706,-0.342793,334.4423,89.01421,353.8223,LeftController
2/24/2017 3:57:02 PM:468,-0.0557704,1.207891,-0.3433065,333.8516,90.05496,353.9211,LeftController
2/24/2017 3:57:02 PM:535,-0.06372118,1.20466,-0.3371549,334.1542,91.00011,352.5538,LeftController
2/24/2017 3:57:02 PM:579,-0.0675559,1.202065,-0.3307976,334.6372,91.38287,351.6815,LeftController
2/24/2017 3:57:02 PM:624,-0.0723598,1.198095,-0.3193389,334.8651,90.73389,351.1352,LeftController
2/24/2017 3:57:02 PM:657,-0.0752883,1.19475,-0.3086879,335.0674,89.9633,351.4679,LeftController
2/24/2017 3:57:02 PM:691,-0.07756972,1.191416,-0.2974771,335.621,89.40906,351.3012,LeftController
2/24/2017 3:57:02 PM:735,-0.08093572,1.18757,-0.282437,336.5957,88.67826,350.7361,LeftController
2/24/2017 3:57:02 PM:791,-0.08741236,1.184507,-0.2591294,336.7389,86.8627,350.4741,LeftController
2/24/2017 3:57:02 PM:825,-0.08945775,1.18428,-0.2518296,336.287,86.40682,350.9526,LeftController
2/24/2017 3:57:02 PM:870,-0.09235883,1.183139,-0.2386466,335.9523,85.63837,350.9463,LeftController
2/24/2017 3:57:02 PM:902,-0.09370089,1.181726,-0.2300192,335.9365,85.3046,350.9586,LeftController
2/24/2017 3:57:02 PM:959,-0.09453034,1.178113,-0.2174977,335.626,85.70223,351.5652,LeftController
2/24/2017 3:57:02 PM:995,-0.09352279,1.176368,-0.2154174,335.6191,86.05771,352.0772,LeftController
2/24/2017 3:57:03 PM:60,-0.09132576,1.171322,-0.2097549,336.0627,87.75005,352.6779,LeftController
2/24/2017 3:57:03 PM:115,-0.09088302,1.169897,-0.2082893,335.7357,88.67294,353.4541,LeftController
2/24/2017 3:57:03 PM:149,-0.09088421,1.168846,-0.2072141,335.4435,89.44199,354.0503,LeftController
2/24/2017 3:57:03 PM:194,-0.09099269,1.166796,-0.2051738,335.3768,90.29147,354.3292,LeftController
2/24/2017 3:57:03 PM:226,-0.09126616,1.164898,-0.2028634,335.4625,90.88081,354.5485,LeftController
2/24/2017 3:57:03 PM:266,-0.06940532,1.204109,-0.2841487,336.0667,92.04204,354.1189,LeftController
2/24/2017 3:57:03 PM:305,-0.07826471,1.208138,-0.288631,336.0366,92.36652,353.9133,LeftController
2/24/2017 3:57:03 PM:361,-0.07727313,1.208239,-0.2882907,335.9018,92.51709,354.1696,LeftController
2/24/2017 3:57:03 PM:405,-0.07627869,1.208165,-0.2878162,335.9867,92.55548,353.918,LeftController
2/24/2017 3:57:03 PM:450,-0.07511473,1.20774,-0.2871876,336.1353,92.66812,353.7971,LeftController
2/24/2017 3:57:03 PM:496,-0.07389927,1.207371,-0.2860861,336.1066,92.48055,353.9714,LeftController
2/24/2017 3:57:03 PM:540,-0.07281685,1.203346,-0.2895913,335.9252,92.55395,353.643,LeftController
2/24/2017 3:57:03 PM:584,-0.06966758,1.201895,-0.2888402,335.8997,92.29196,353.9396,LeftController
2/24/2017 3:57:03 PM:629,-0.06670284,1.200093,-0.2883645,336.146,92.07721,353.8825,LeftController
2/24/2017 3:57:03 PM:674,-0.06273699,1.198063,-0.2877409,336.2881,91.85289,354.0548,LeftController
2/24/2017 3:57:03 PM:718,-0.05753279,1.195797,-0.2871331,336.5355,91.6326,354.0878,LeftController
2/24/2017 3:57:03 PM:752,-0.05645299,1.19503,-0.2871117,336.6038,91.54658,354.0724,LeftController
2/24/2017 3:57:03 PM:785,-0.0528152,1.194041,-0.2862301,336.6205,91.4846,354.081,LeftController
2/24/2017 3:57:03 PM:830,-0.04791236,1.193057,-0.2849635,336.6536,91.37387,353.935,LeftController
2/24/2017 3:57:03 PM:863,-0.0447278,1.192977,-0.2840266,336.5645,91.2968,353.7139,LeftController
2/24/2017 3:57:03 PM:897,-0.04126143,1.19346,-0.2829012,336.3655,91.19283,353.7495,LeftController
2/24/2017 3:57:03 PM:966,-0.03318024,1.194495,-0.2781504,336.0531,90.55643,353.3612,LeftController
2/24/2017 3:57:04 PM:31,-0.03007674,1.196346,-0.2736402,335.3384,89.9215,353.4977,LeftController
2/24/2017 3:57:04 PM:76,-0.02652693,1.196602,-0.2699692,335.2644,89.29179,353.2723,LeftController
2/24/2017 3:57:04 PM:121,-0.02511239,1.197143,-0.2670608,335.1072,88.86621,353.1317,LeftController
2/24/2017 3:57:04 PM:153,-0.02280617,1.197124,-0.264828,334.9271,88.51268,353.2371,LeftController
2/24/2017 3:57:04 PM:187,-0.01804256,1.195865,-0.2623856,334.953,88.16824,353.1931,LeftController
2/24/2017 3:57:04 PM:243,-0.01298261,1.194661,-0.2601974,334.9519,88.07024,352.9179,LeftController
2/24/2017 3:57:04 PM:300,-0.009609699,1.193288,-0.2592082,334.8951,87.9198,353.0371,LeftController
2/24/2017 3:57:04 PM:344,-0.005993366,1.191409,-0.2586052,335.1012,87.96334,352.9705,LeftController
2/24/2017 3:57:04 PM:389,-0.002585411,1.189624,-0.2579195,335.1974,87.88346,353.0121,LeftController
2/24/2017 3:57:04 PM:435,0.000762701,1.187848,-0.257216,335.2339,87.77702,353.144,LeftController
2/24/2017 3:57:04 PM:478,0.004273653,1.185915,-0.2567389,335.3442,87.81447,352.9869,LeftController
2/24/2017 3:57:04 PM:523,0.007974148,1.183978,-0.2560877,335.4033,87.7496,353.0927,LeftController
2/24/2017 3:57:04 PM:579,0.01382327,1.181253,-0.2556782,335.5734,87.89284,352.8192,LeftController
2/24/2017 3:57:04 PM:634,0.01807809,1.179505,-0.2550967,335.5721,87.88502,352.8723,LeftController
2/24/2017 3:57:04 PM:679,0.02276254,1.177856,-0.2545967,335.6832,87.85915,352.6905,LeftController
2/24/2017 3:57:04 PM:735,0.02864766,1.176458,-0.25409,335.5124,87.86597,352.7545,LeftController
2/24/2017 3:57:04 PM:779,0.03378725,1.17555,-0.2539877,335.3602,87.90227,352.7076,LeftController
2/24/2017 3:57:04 PM:815,0.03799176,1.17489,-0.2539953,335.3077,87.9761,352.546,LeftController
2/24/2017 3:57:04 PM:880,0.06625772,1.170434,-0.2387539,333.6365,87.94264,354.9395,LeftController
2/24/2017 3:57:04 PM:936,-0.005623817,1.1985,-0.2569762,331.0857,86.07664,356.5279,LeftController
2/24/2017 3:57:04 PM:981,-0.009965897,1.205543,-0.2516626,330.2585,83.49374,357.5637,LeftController
2/24/2017 3:57:05 PM:48,0.00710392,1.213111,-0.2392042,329.3408,81.53153,355.0056,LeftController
2/24/2017 3:57:05 PM:104,0.01324511,1.221535,-0.2141016,325.6963,73.28217,9.561296,LeftController
2/24/2017 3:57:05 PM:140,0.0121429,1.236261,-0.2050095,321.5393,70.13498,9.146088,LeftController
2/24/2017 3:57:05 PM:204,-0.02265739,1.27747,-0.1958196,317.4726,63.83307,18.87331,LeftController
2/24/2017 3:57:05 PM:260,-0.01666999,1.288992,-0.1829854,316.4878,61.88448,19.3069,LeftController
2/24/2017 3:57:05 PM:294,-0.01178169,1.298185,-0.1742889,314.2738,61.18808,19.74989,LeftController
2/24/2017 3:57:05 PM:360,0.005159616,1.317412,-0.1583003,312.5218,63.0487,15.13315,LeftController
2/24/2017 3:57:05 PM:417,0.01842976,1.326899,-0.1501611,312.2918,65.41727,11.3049,LeftController
2/24/2017 3:57:05 PM:460,0.03144789,1.334335,-0.1417731,312.906,69.33446,8.2144,LeftController
2/24/2017 3:57:05 PM:528,0.05071115,1.341499,-0.1274745,314.6345,74.03793,6.348547,LeftController
2/24/2017 3:57:05 PM:584,0.05945349,1.341654,-0.1173604,314.1734,74.74294,7.005127,LeftController
2/24/2017 3:57:05 PM:617,0.04190421,1.360441,-0.1172121,314.1065,76.24464,6.940993,LeftController
2/24/2017 3:57:05 PM:673,0.05797029,1.356998,-0.1060015,315.1371,81.09605,4.391631,LeftController
2/24/2017 3:57:05 PM:708,0.06486392,1.353307,-0.1058341,316.7105,85.22723,1.413834,LeftController
2/24/2017 3:57:05 PM:774,0.09040499,1.340952,-0.09882033,324.3103,94.08089,358.2971,LeftController
2/24/2017 3:57:05 PM:830,0.1077564,1.332191,-0.09429121,327.8638,99.05837,357.6361,LeftController
2/24/2017 3:57:05 PM:865,0.116082,1.3259,-0.08852553,327.9631,99.77155,359.2839,LeftController
2/24/2017 3:57:05 PM:908,0.1274776,1.317442,-0.07699823,328.9838,96.73295,1.626215,LeftController
2/24/2017 3:57:05 PM:964,0.1492012,1.304092,-0.05235064,331.1724,86.17798,3.122015,LeftController
2/24/2017 3:57:06 PM:9,0.1691391,1.298432,-0.03846991,334.9177,81.74571,4.42605,LeftController
2/24/2017 3:57:06 PM:45,0.1913593,1.292375,-0.02507353,339.1603,78.16557,3.344217,LeftController
2/24/2017 3:57:06 PM:98,0.2383027,1.283162,0.005632162,346.5686,71.0693,6.049815,LeftController
2/24/2017 3:57:06 PM:165,0.2788336,1.277553,0.03419662,346.7101,68.73788,6.064172,LeftController
2/24/2017 3:57:06 PM:209,0.2954032,1.273461,0.04922736,343.687,68.82272,5.321995,LeftController
2/24/2017 3:57:06 PM:265,0.3262296,1.264558,0.08390963,339.0415,67.56238,4.61468,LeftController
2/24/2017 3:57:06 PM:298,0.3370049,1.261384,0.09578514,338.4778,67.39906,3.709724,LeftController
2/24/2017 3:57:06 PM:334,0.3544276,1.256352,0.1151506,338.936,67.38251,4.138124,LeftController
2/24/2017 3:57:06 PM:377,0.374018,1.249668,0.1417803,342.4572,68.58351,3.713372,LeftController
2/24/2017 3:57:06 PM:433,0.3896465,1.247167,0.1775773,341.683,70.76041,5.890253,LeftController
2/24/2017 3:57:06 PM:490,0.38638,1.249889,0.1906811,336.1335,72.19929,6.405345,LeftController
2/24/2017 3:57:06 PM:522,0.3807003,1.251149,0.1968864,332.017,74.23938,6.674261,LeftController
2/24/2017 3:57:06 PM:578,0.3662977,1.252934,0.1970707,326.2767,82.29841,4.365189,LeftController
2/24/2017 3:57:06 PM:645,0.3441064,1.256783,0.1923506,322.3293,77.45518,7.876908,LeftController
2/24/2017 3:57:06 PM:689,0.3396804,1.256568,0.1876185,322.1035,72.7672,8.127541,LeftController
2/24/2017 3:57:06 PM:722,0.3379886,1.253766,0.1850724,324.2746,71.09921,7.681676,LeftController
2/24/2017 3:57:06 PM:757,0.3380184,1.248804,0.1842628,327.2069,72.29417,5.68732,LeftController
2/24/2017 3:57:06 PM:792,0.3406119,1.241942,0.1873254,330.3114,75.10555,3.913136,LeftController
2/24/2017 3:57:06 PM:835,0.4325602,1.217832,0.2393631,326.5616,76.97421,1.592601,LeftController
2/24/2017 3:57:06 PM:902,0.4420118,1.19099,0.2641634,326.8587,74.76268,359.6898,LeftController
2/24/2017 3:57:06 PM:957,0.4502671,1.175078,0.2750329,327.8331,73.20422,359.9117,LeftController
2/24/2017 3:57:07 PM:3,0.4602678,1.1647,0.2906344,327.6306,66.77312,2.653407,LeftController
2/24/2017 3:57:07 PM:38,0.4602678,1.1647,0.2906344,327.6306,66.77312,2.653407,LeftController
2/24/2017 3:57:07 PM:91,0.4602678,1.1647,0.2906344,327.6306,66.77312,2.653407,LeftController
2/24/2017 3:57:07 PM:149,0.4602678,1.1647,0.2906344,327.6306,66.77312,2.653407,LeftController
2/24/2017 3:57:07 PM:180,0.4602678,1.1647,0.2906344,327.6306,66.77312,2.653407,LeftController
2/24/2017 3:57:07 PM:237,0.4602678,1.1647,0.2906344,327.6306,66.77312,2.653407,LeftController
2/24/2017 3:57:07 PM:273,0.4602678,1.1647,0.2906344,327.6306,66.77312,2.653407,LeftController
2/24/2017 3:57:07 PM:338,0.4602678,1.1647,0.2906344,327.6306,66.77312,2.653407,LeftController
2/24/2017 3:57:07 PM:392,0.4602678,1.1647,0.2906344,327.6306,66.77312,2.653407,LeftController
2/24/2017 3:57:07 PM:426,1.320092,0.2952775,-1.494187,359.176,138.3096,16.21551,LeftController
2/24/2017 3:57:07 PM:461,1.320456,0.2939312,-1.487749,356.6134,136.4143,4.835092,LeftController
2/24/2017 3:57:07 PM:527,1.314185,0.295848,-1.478637,355.5604,137.5131,344.4252,LeftController
2/24/2017 3:57:07 PM:593,1.305294,0.2836072,-1.459099,0.9433515,134.964,357.9929,LeftController
2/24/2017 3:57:07 PM:649,1.302753,0.280794,-1.440812,0.9763545,132.2519,357.0157,LeftController
2/24/2017 3:57:07 PM:716,1.303277,0.28132,-1.418407,358.3091,129.8606,348.1995,LeftController
2/24/2017 3:57:07 PM:772,1.310998,0.2795238,-1.404788,359.8052,127.3319,351.0123,LeftController
2/24/2017 3:57:07 PM:817,1.321433,0.2773069,-1.394874,2.53272,124.8556,355.7456,LeftController
2/24/2017 3:57:07 PM:872,1.334011,0.2768729,-1.377505,4.121117,121.3411,359.4826,LeftController
2/24/2017 3:57:07 PM:906,1.338192,0.2774111,-1.368922,4.218632,119.6694,2.175714,LeftController
2/24/2017 3:57:07 PM:941,1.343548,0.2778237,-1.360179,4.480282,117.7953,3.862949,LeftController
2/24/2017 3:57:07 PM:995,1.350492,0.2818968,-1.356048,3.4103,117.3466,2.172537,LeftController
2/24/2017 3:57:08 PM:62,1.3563,0.2864369,-1.355057,3.25537,116.8984,357.019,LeftController
2/24/2017 3:57:08 PM:118,1.356976,0.2886611,-1.356227,3.834466,117.2146,355.3656,LeftController
2/24/2017 3:57:08 PM:162,1.355987,0.2917981,-1.356203,3.770625,117.5274,354.2215,LeftController
2/24/2017 3:57:08 PM:196,1.354946,0.2936959,-1.355603,3.876403,117.6815,355.1745,LeftController
2/24/2017 3:57:08 PM:229,1.353347,0.2939537,-1.356039,4.302283,118.0429,355.4755,LeftController
2/24/2017 3:57:08 PM:265,1.351245,0.2925619,-1.354464,5.048811,118.2334,355.8752,LeftController
2/24/2017 3:57:08 PM:297,1.349059,0.2902507,-1.354072,5.915453,118.3687,357.0751,LeftController
2/24/2017 3:57:08 PM:331,1.346511,0.2860534,-1.354375,7.389617,118.8412,358.8085,LeftController
2/24/2017 3:57:08 PM:375,1.34198,0.2787672,-1.352511,9.086967,119.3627,359.9811,LeftController
2/24/2017 3:57:08 PM:410,1.339826,0.2748821,-1.353043,9.793333,118.9162,359.3773,LeftController
2/24/2017 3:57:08 PM:453,1.338069,0.2700089,-1.355064,11.25659,118.5769,358.8991,LeftController
2/24/2017 3:57:08 PM:486,1.337477,0.2668703,-1.353821,12.11628,117.5085,0.2881413,LeftController
2/24/2017 3:57:08 PM:520,1.336021,0.2649384,-1.353826,12.51197,117.4081,1.388024,LeftController
2/24/2017 3:57:08 PM:554,1.335358,0.2625499,-1.353321,13.31671,116.7362,2.439996,LeftController
2/24/2017 3:57:08 PM:588,1.335332,0.2604953,-1.351066,13.82655,115.8121,3.405998,LeftController
2/24/2017 3:57:08 PM:632,1.336007,0.2594821,-1.35027,13.85352,115.0263,6.834356,LeftController
2/24/2017 3:57:08 PM:665,1.334474,0.256669,-1.351582,14.55601,116.04,7.320031,LeftController
2/24/2017 3:57:08 PM:699,1.333321,0.2520871,-1.350864,16.05893,115.637,8.593176,LeftController
2/24/2017 3:57:08 PM:734,1.33229,0.2464131,-1.349246,17.67293,114.657,9.982159,LeftController
2/24/2017 3:57:08 PM:777,1.328973,0.2397252,-1.34628,18.66547,114.1741,10.72961,LeftController
2/24/2017 3:57:08 PM:833,1.323498,0.22926,-1.346099,20.67006,113.7943,9.999607,LeftController
2/24/2017 3:57:08 PM:867,1.320992,0.2252448,-1.344919,21.53655,113.6387,9.984726,LeftController
2/24/2017 3:57:08 PM:901,1.317358,0.220026,-1.343197,22.60006,113.4319,9.899644,LeftController
2/24/2017 3:57:08 PM:934,1.314211,0.2157402,-1.341417,23.32448,113.2489,9.79051,LeftController
2/24/2017 3:57:08 PM:979,1.309796,0.2111661,-1.339213,23.99315,112.9805,9.0147,LeftController
2/24/2017 3:57:09 PM:12,1.307252,0.2084453,-1.337228,24.5197,112.6283,8.986307,LeftController
2/24/2017 3:57:09 PM:48,1.304928,0.2058322,-1.335422,25.32184,112.534,9.183987,LeftController
2/24/2017 3:57:09 PM:90,1.303004,0.2048376,-1.333396,25.76717,112.4568,9.283994,LeftController
2/24/2017 3:57:09 PM:135,1.302516,0.2070374,-1.330406,25.89865,111.9705,8.833961,LeftController
2/24/2017 3:57:09 PM:180,1.303076,0.2082455,-1.325781,25.85698,110.7413,7.113134,LeftController
2/24/2017 3:57:09 PM:214,1.307017,0.2123182,-1.324374,25.32159,110.3279,5.651519,LeftController
2/24/2017 3:57:09 PM:247,1.313101,0.2177892,-1.325146,24.57308,109.3887,4.549318,LeftController
2/24/2017 3:57:09 PM:280,1.320184,0.2239735,-1.323229,23.42203,108.2829,3.447337,LeftController
2/24/2017 3:57:09 PM:314,1.3276,0.2310287,-1.318739,21.79075,106.9752,2.131527,LeftController
2/24/2017 3:57:09 PM:347,1.335968,0.2398057,-1.314851,19.82419,106.1654,359.6777,LeftController
2/24/2017 3:57:09 PM:403,1.353897,0.2579435,-1.302366,16.66833,104.0118,357.2981,LeftController
2/24/2017 3:57:09 PM:436,1.359727,0.264323,-1.295756,15.40018,103.0316,357.0807,LeftController
2/24/2017 3:57:09 PM:481,1.370741,0.2762349,-1.281636,12.96436,100.9801,355.9368,LeftController
2/24/2017 3:57:09 PM:540,1.38603,0.2926146,-1.263251,9.979137,97.84794,354.0752,LeftController
2/24/2017 3:57:09 PM:582,1.390623,0.2979046,-1.25326,9.173895,97.04033,353.2453,LeftController
2/24/2017 3:57:09 PM:616,1.395174,0.3027135,-1.246308,8.440631,96.24242,352.2871,LeftController
2/24/2017 3:57:09 PM:650,1.398758,0.3067406,-1.239141,7.659814,95.54003,351.1749,LeftController
2/24/2017 3:57:09 PM:685,1.401818,0.309369,-1.231758,7.149596,94.1489,350.9444,LeftController
2/24/2017 3:57:09 PM:716,1.404099,0.3102647,-1.22435,6.974274,92.62234,350.7001,LeftController
2/24/2017 3:57:09 PM:750,1.405169,0.3097897,-1.219131,7.045868,91.64282,350.3499,LeftController
2/24/2017 3:57:09 PM:783,1.405216,0.3093427,-1.215656,7.05917,91.0008,351.1534,LeftController
2/24/2017 3:57:09 PM:817,1.404743,0.3087449,-1.212977,6.949932,90.8942,352.4259,LeftController
2/24/2017 3:57:09 PM:862,1.403783,0.3084937,-1.212655,6.200472,91.03868,353.4641,LeftController
2/24/2017 3:57:09 PM:918,1.400945,0.3050618,-1.215647,6.53216,91.71445,352.6555,LeftController
2/24/2017 3:57:09 PM:951,1.399918,0.3034749,-1.217751,7.050765,92.1215,353.2709,LeftController
2/24/2017 3:57:09 PM:985,1.399462,0.302573,-1.223813,7.455538,92.92115,353.5353,LeftController
2/24/2017 3:57:10 PM:18,1.398384,0.3013284,-1.228007,7.587771,93.74001,353.5452,LeftController
2/24/2017 3:57:10 PM:74,1.39784,0.3004515,-1.238423,7.829306,95.11067,353.9602,LeftController
2/24/2017 3:57:10 PM:107,1.397009,0.3001391,-1.238977,7.77207,95.46957,354.0795,LeftController
2/24/2017 3:57:10 PM:141,1.396605,0.3008202,-1.241388,7.612718,95.82796,354.0905,LeftController
2/24/2017 3:57:10 PM:185,1.396502,0.3026432,-1.24452,7.278602,96.04108,354.5307,LeftController
2/24/2017 3:57:10 PM:219,1.396074,0.3034214,-1.246544,7.193942,96.42369,354.6209,LeftController
2/24/2017 3:57:10 PM:252,1.395967,0.3040985,-1.24849,7.043501,96.77863,354.7409,LeftController
2/24/2017 3:57:10 PM:286,1.395424,0.3045143,-1.249496,6.917196,96.97694,354.8132,LeftController
2/24/2017 3:57:10 PM:320,1.394747,0.304249,-1.250885,6.976216,97.27242,354.9182,LeftController
2/24/2017 3:57:10 PM:353,1.393949,0.3033656,-1.252047,7.231062,97.54443,354.9905,LeftController
2/24/2017 3:57:10 PM:387,1.393022,0.3020462,-1.253561,7.497626,97.79344,354.972,LeftController
2/24/2017 3:57:10 PM:420,1.392006,0.3008053,-1.254995,7.741842,98.12903,355.1029,LeftController
2/24/2017 3:57:10 PM:468,1.390262,0.2988193,-1.256899,8.08543,98.4808,355.8517,LeftController
2/24/2017 3:57:10 PM:509,1.388331,0.2958719,-1.260134,8.832501,99.06659,356.3091,LeftController
2/24/2017 3:57:10 PM:576,1.38387,0.2908207,-1.267016,10.78223,100.6312,0.216582,LeftController
2/24/2017 3:57:10 PM:634,1.380301,0.2878584,-1.274828,11.36147,102.5328,0.7007393,LeftController
2/24/2017 3:57:10 PM:676,1.376191,0.2860889,-1.284148,11.16929,104.5555,359.4005,LeftController
2/24/2017 3:57:10 PM:721,1.37138,0.2850217,-1.293113,11.05187,106.5694,359.4145,LeftController
2/24/2017 3:57:10 PM:754,1.36767,0.2844316,-1.299155,11.20293,107.8302,1.266428,LeftController
2/24/2017 3:57:10 PM:800,1.362831,0.2830728,-1.307845,11.37285,109.6644,1.99543,LeftController
2/24/2017 3:57:10 PM:867,1.357088,0.2808895,-1.318626,11.42442,111.5147,1.782264,LeftController
2/24/2017 3:57:10 PM:922,1.359574,0.2837762,-1.320797,11.24233,112.047,2.598544,LeftController
2/24/2017 3:57:10 PM:967,1.367312,0.2940626,-1.320199,9.401478,111.5695,3.727902,LeftController
2/24/2017 3:57:11 PM:11,1.379714,0.310944,-1.31652,6.285087,110.5763,3.416757,LeftController
2/24/2017 3:57:11 PM:56,1.395259,0.3314145,-1.310987,2.719821,109.5109,1.877003,LeftController
2/24/2017 3:57:11 PM:102,1.411613,0.354884,-1.298904,358.8065,107.6379,359.9048,LeftController
2/24/2017 3:57:11 PM:134,1.422716,0.3728375,-1.288153,355.7136,106.1318,358.0976,LeftController
2/24/2017 3:57:11 PM:168,1.432126,0.3899339,-1.275846,352.8858,104.5137,356.2607,LeftController
2/24/2017 3:57:11 PM:201,1.439644,0.4049083,-1.262764,350.3765,103.5457,353.9157,LeftController
2/24/2017 3:57:11 PM:237,1.445658,0.4180609,-1.248917,348.2535,102.3331,351.7054,LeftController
2/24/2017 3:57:11 PM:291,1.454465,0.4390422,-1.218715,345.0834,98.71974,348.4597,LeftController
2/24/2017 3:57:11 PM:358,1.456618,0.4517359,-1.186865,343.3069,93.95304,345.6198,LeftController
2/24/2017 3:57:11 PM:393,1.455419,0.4551234,-1.175787,342.7698,92.15884,344.7571,LeftController
2/24/2017 3:57:11 PM:424,1.452731,0.4605576,-1.157864,341.8602,88.87888,344.127,LeftController
2/24/2017 3:57:11 PM:475,1.447711,0.4678365,-1.134194,340.9712,84.37007,344.1185,LeftController
2/24/2017 3:57:11 PM:514,1.441431,0.4751122,-1.11292,340.0848,79.73595,344.989,LeftController
2/24/2017 3:57:11 PM:571,1.431475,0.4836453,-1.089134,338.4962,74.47626,345.9692,LeftController
2/24/2017 3:57:11 PM:604,1.425879,0.4874028,-1.077923,337.7372,72.19543,345.382,LeftController
2/24/2017 3:57:11 PM:637,1.421261,0.490325,-1.068848,337.0046,70.0861,345.732,LeftController
2/24/2017 3:57:11 PM:670,1.417853,0.4925898,-1.061557,336.5633,68.3224,346.1209,LeftController
2/24/2017 3:57:11 PM:716,1.414264,0.4929173,-1.054719,336.3974,66.799,346.332,LeftController
2/24/2017 3:57:11 PM:760,1.413774,0.4905918,-1.053939,336.8602,66.7066,345.968,LeftController
2/24/2017 3:57:11 PM:804,1.414879,0.4869093,-1.056767,337.2419,67.2168,346.3936,LeftController
2/24/2017 3:57:11 PM:849,1.418934,0.4809518,-1.065318,338.0244,68.64055,346.306,LeftController
2/24/2017 3:57:11 PM:893,1.423724,0.4711343,-1.07691,339.561,70.5728,346.671,LeftController
2/24/2017 3:57:11 PM:938,1.429251,0.4588778,-1.092966,341.4665,72.80705,347.5257,LeftController
2/24/2017 3:57:11 PM:972,1.433379,0.448035,-1.108848,342.9579,74.81793,348.1938,LeftController
2/24/2017 3:57:12 PM:18,1.437698,0.430987,-1.130041,345.5264,77.50264,349.0428,LeftController
2/24/2017 3:57:12 PM:53,1.440215,0.4171531,-1.147602,347.8468,79.20084,350.1096,LeftController
2/24/2017 3:57:12 PM:106,1.441441,0.3879657,-1.183623,352.5594,83.41782,352.434,LeftController
2/24/2017 3:57:12 PM:162,1.437748,0.3690097,-1.209459,355.6659,86.23658,354.0015,LeftController
2/24/2017 3:57:12 PM:209,1.433167,0.3510066,-1.23888,358.5814,90.69922,354.0724,LeftController
2/24/2017 3:57:12 PM:274,1.419376,0.3220526,-1.27947,3.751361,96.5013,356.7944,LeftController
2/24/2017 3:57:12 PM:331,1.409601,0.3089503,-1.300852,5.903787,100.2137,357.5666,LeftController
2/24/2017 3:57:12 PM:362,1.402047,0.2989061,-1.315351,8.127333,102.2649,358.6351,LeftController
2/24/2017 3:57:12 PM:407,1.391057,0.286532,-1.331534,10.4983,105.0321,358.9997,LeftController
2/24/2017 3:57:12 PM:452,1.379345,0.2768655,-1.346769,12.13596,107.7393,358.8754,LeftController
2/24/2017 3:57:12 PM:520,1.358788,0.2617618,-1.368054,15.12511,113.1512,0.243438,LeftController
2/24/2017 3:57:12 PM:576,1.350205,0.2559576,-1.374195,16.39905,114.4536,0.004707989,LeftController
2/24/2017 3:57:12 PM:621,1.343462,0.2511735,-1.379462,17.29258,115.6853,0.3326582,LeftController
2/24/2017 3:57:12 PM:666,1.338828,0.247311,-1.382591,18.22099,116.3215,0.523414,LeftController
2/24/2017 3:57:12 PM:710,1.33572,0.2446089,-1.384314,18.71458,116.764,0.613642,LeftController
2/24/2017 3:57:12 PM:754,1.334962,0.2430189,-1.386145,19.14419,116.9024,0.6162207,LeftController
2/24/2017 3:57:12 PM:800,1.335116,0.2428371,-1.386846,19.21551,116.6409,0.6040784,LeftController
2/24/2017 3:57:12 PM:847,1.335532,0.2431476,-1.387994,19.01319,116.5947,0.6890001,LeftController
2/24/2017 3:57:12 PM:900,1.335782,0.2436273,-1.390812,18.96625,116.938,0.6889477,LeftController
2/24/2017 3:57:12 PM:967,1.335367,0.2441574,-1.394314,18.80922,117.2686,0.7368715,LeftController
2/24/2017 3:57:13 PM:12,1.334282,0.244717,-1.396339,18.69016,117.7947,0.7497636,LeftController
2/24/2017 3:57:13 PM:56,1.333231,0.2456449,-1.398476,18.53535,118.2966,1.126727,LeftController
2/24/2017 3:57:13 PM:101,1.332212,0.24617,-1.400204,18.48875,118.5386,1.211855,LeftController
2/24/2017 3:57:13 PM:146,1.330502,0.2462347,-1.401221,18.47969,118.8959,1.086171,LeftController
2/24/2017 3:57:13 PM:202,1.328304,0.2458224,-1.402312,18.76629,119.2733,1.448395,LeftController
2/24/2017 3:57:13 PM:257,1.32642,0.2451557,-1.402059,19.07123,119.5244,1.363025,LeftController
2/24/2017 3:57:13 PM:304,1.325199,0.2450466,-1.401718,19.13484,119.7102,1.407599,LeftController
2/24/2017 3:57:13 PM:347,1.323426,0.2446574,-1.400509,19.30158,119.7708,1.356368,LeftController
2/24/2017 3:57:13 PM:391,1.322136,0.243858,-1.399336,19.64398,119.7753,1.492648,LeftController
2/24/2017 3:57:13 PM:436,1.321356,0.2432429,-1.398033,19.86945,119.6721,1.328456,LeftController
2/24/2017 3:57:13 PM:503,1.320039,0.2429854,-1.396242,19.9973,119.5697,1.140514,LeftController
2/24/2017 3:57:13 PM:559,1.319015,0.2424108,-1.395006,20.1542,119.641,1.122468,LeftController
2/24/2017 3:57:13 PM:616,1.318118,0.2413797,-1.394112,20.42506,119.5636,0.8055832,LeftController
2/24/2017 3:57:13 PM:682,1.316712,0.2407695,-1.393767,20.67943,119.7113,0.5839252,LeftController
2/24/2017 3:57:13 PM:726,1.315006,0.2407573,-1.394101,20.74928,120.0033,0.5283926,LeftController
2/24/2017 3:57:13 PM:772,1.313063,0.2404388,-1.394902,20.91757,120.4435,0.4729899,LeftController
2/24/2017 3:57:13 PM:827,1.309264,0.2397022,-1.396558,21.21372,121.1881,0.2151425,LeftController
2/24/2017 3:57:13 PM:883,1.306196,0.2388388,-1.397798,21.48281,121.6696,0.3020219,LeftController
2/24/2017 3:57:13 PM:929,1.303327,0.2374036,-1.399598,21.88815,122.2735,0.3603947,LeftController
2/24/2017 3:57:13 PM:996,1.298107,0.2343482,-1.402117,22.68845,123.0727,-0.002149666,LeftController
2/24/2017 3:57:14 PM:51,1.295024,0.2309088,-1.403662,24.41182,123.4734,359.3035,LeftController
2/24/2017 3:57:14 PM:85,1.293256,0.2283864,-1.404754,25.53285,123.7437,359.2904,LeftController
2/24/2017 3:57:14 PM:140,1.289997,0.2263815,-1.406713,25.91192,124.2937,359.3375,LeftController
2/24/2017 3:57:14 PM:208,1.287911,0.2267654,-1.408778,25.79808,124.9261,359.1125,LeftController
2/24/2017 3:57:14 PM:252,1.287121,0.2269788,-1.409465,25.89093,125.1012,359.2545,LeftController
2/24/2017 3:57:14 PM:285,1.286696,0.2273588,-1.410397,25.81379,125.2887,359.2678,LeftController
2/24/2017 3:57:14 PM:318,1.286352,0.227809,-1.411106,25.78073,125.3512,359.2347,LeftController
2/24/2017 3:57:14 PM:352,1.286578,0.2282062,-1.41194,25.80331,125.3485,359.2973,LeftController
2/24/2017 3:57:14 PM:408,1.286978,0.2294965,-1.41314,25.52802,125.1864,359.2126,LeftController
2/24/2017 3:57:14 PM:452,1.287271,0.2311372,-1.413043,25.30172,125.1222,359.0677,LeftController
2/24/2017 3:57:14 PM:520,1.289173,0.2353222,-1.413858,24.43856,125.016,359.1319,LeftController
2/24/2017 3:57:14 PM:578,1.289573,0.2369483,-1.413315,24.17401,125.0146,358.8815,LeftController
2/24/2017 3:57:14 PM:609,1.290131,0.2377197,-1.413104,24.03532,124.9073,358.7644,LeftController
2/24/2017 3:57:14 PM:654,1.291095,0.2382474,-1.412399,23.97715,124.6907,358.6129,LeftController
2/24/2017 3:57:14 PM:700,1.292474,0.2386013,-1.41153,23.96478,124.2315,358.3961,LeftController
2/24/2017 3:57:14 PM:767,1.292959,0.2388352,-1.410095,23.7935,123.7368,358.0154,LeftController
2/24/2017 3:57:14 PM:799,1.292509,0.2386919,-1.409745,23.93722,123.6444,358.0094,LeftController
2/24/2017 3:57:14 PM:833,1.29198,0.2386297,-1.409652,24.024,123.7366,358.0762,LeftController
2/24/2017 3:57:14 PM:877,1.290653,0.2388057,-1.409791,23.95743,124.0562,358.1701,LeftController
2/24/2017 3:57:14 PM:914,1.289811,0.2388248,-1.410297,23.991,124.2842,358.1349,LeftController
2/24/2017 3:57:14 PM:978,1.288007,0.2384658,-1.411071,24.11482,124.6494,358.4783,LeftController
2/24/2017 3:57:15 PM:23,1.28759,0.2384186,-1.411232,24.12085,124.6754,358.381,LeftController
2/24/2017 3:57:15 PM:58,1.287057,0.2391472,-1.41158,23.96014,125.019,359.024,LeftController
2/24/2017 3:57:15 PM:123,1.283894,0.2427427,-1.416983,23.28221,127.9222,2.159031,LeftController
2/24/2017 3:57:15 PM:179,1.283927,0.2437803,-1.418854,23.11506,127.9362,5.1288,LeftController
2/24/2017 3:57:15 PM:236,1.282895,0.244393,-1.424612,22.42101,128.8427,4.716408,LeftController
2/24/2017 3:57:15 PM:302,1.279007,0.2415873,-1.432965,23.02064,130.4045,5.683655,LeftController
2/24/2017 3:57:15 PM:358,1.273871,0.2408283,-1.439961,22.82354,132.6906,5.798014,LeftController
2/24/2017 3:57:15 PM:402,1.268824,0.2405016,-1.447309,22.82768,134.726,6.106717,LeftController
2/24/2017 3:57:15 PM:436,1.264878,0.2406975,-1.452991,22.59027,136.4043,6.199374,LeftController
2/24/2017 3:57:15 PM:491,1.25675,0.2422358,-1.463427,21.81499,139.4835,5.963123,LeftController
2/24/2017 3:57:15 PM:559,1.249231,0.2432606,-1.472857,21.5061,141.8857,6.752951,LeftController
2/24/2017 3:57:15 PM:591,1.24642,0.2435451,-1.475494,21.33926,142.7357,6.893607,LeftController
2/24/2017 3:57:15 PM:625,1.24277,0.2439111,-1.479319,21.13244,143.9504,6.981177,LeftController
2/24/2017 3:57:15 PM:658,1.239911,0.2444782,-1.482348,20.96775,144.8936,6.935457,LeftController
2/24/2017 3:57:15 PM:715,1.234848,0.2464854,-1.486723,20.45951,146.5003,6.902359,LeftController
2/24/2017 3:57:15 PM:748,1.234213,0.2469752,-1.486814,20.36118,146.7596,7.12667,LeftController
2/24/2017 3:57:15 PM:792,1.234137,0.2479801,-1.487446,20.10353,147.0035,7.26019,LeftController
2/24/2017 3:57:15 PM:826,1.234553,0.248549,-1.486904,19.96896,147.0077,7.046757,LeftController
2/24/2017 3:57:15 PM:863,1.235602,0.2485926,-1.485646,19.94259,146.817,6.903076,LeftController
2/24/2017 3:57:15 PM:907,1.237394,0.2479373,-1.48373,20.04827,146.3983,6.689098,LeftController
2/24/2017 3:57:15 PM:961,1.240241,0.2460096,-1.47884,20.51155,145.4524,6.042994,LeftController
2/24/2017 3:57:16 PM:18,1.242584,0.2452996,-1.474348,20.74174,144.6243,5.668534,LeftController
2/24/2017 3:57:16 PM:65,1.245062,0.2450526,-1.469717,21.01283,143.8251,5.316127,LeftController
2/24/2017 3:57:16 PM:117,1.248536,0.2461804,-1.46289,20.97517,142.5552,5.142822,LeftController
2/24/2017 3:57:16 PM:173,1.250284,0.2470008,-1.458599,20.86533,141.8922,4.946434,LeftController
2/24/2017 3:57:16 PM:206,1.251139,0.2466491,-1.455516,21.15703,141.4119,4.763286,LeftController
2/24/2017 3:57:16 PM:239,1.252393,0.2465535,-1.453337,21.3019,140.9713,4.597003,LeftController
2/24/2017 3:57:16 PM:276,1.253164,0.2466416,-1.45128,21.28484,140.6198,4.447708,LeftController
2/24/2017 3:57:16 PM:340,1.255109,0.2467529,-1.446936,21.6019,139.9607,3.848507,LeftController
2/24/2017 3:57:16 PM:394,1.257939,0.2471284,-1.443659,21.50477,139.4861,3.216073,LeftController
2/24/2017 3:57:16 PM:429,1.26144,0.2468224,-1.440273,21.56688,138.5675,2.172382,LeftController
2/24/2017 3:57:16 PM:473,1.269389,0.245518,-1.433883,21.37616,136.2522,359.785,LeftController
2/24/2017 3:57:16 PM:506,1.276642,0.2443334,-1.426529,21.3003,134.0861,357.481,LeftController
2/24/2017 3:57:16 PM:562,1.295166,0.2418163,-1.40818,21.79433,128.35,353.936,LeftController
2/24/2017 3:57:16 PM:607,1.304417,0.2408565,-1.3962,21.85824,125.571,352.979,LeftController
2/24/2017 3:57:16 PM:650,1.315263,0.2391336,-1.380354,22.15111,122.1889,351.1129,LeftController
2/24/2017 3:57:16 PM:695,1.324419,0.2375107,-1.364724,22.72591,118.8853,349.507,LeftController
2/24/2017 3:57:16 PM:729,1.330174,0.2363671,-1.354423,22.7593,116.9522,348.6901,LeftController
2/24/2017 3:57:16 PM:798,1.338047,0.2306625,-1.336144,23.87439,113.8334,345.6627,LeftController
2/24/2017 3:57:16 PM:853,1.34124,0.2274241,-1.330426,24.60713,112.8584,346.0512,LeftController
2/24/2017 3:57:16 PM:898,1.344115,0.224982,-1.325479,25.10932,111.7553,345.725,LeftController
2/24/2017 3:57:16 PM:944,1.346201,0.224741,-1.322643,25.08571,110.7075,344.441,LeftController
2/24/2017 3:57:16 PM:986,1.347639,0.2267203,-1.321733,24.71997,110.0946,344.5307,LeftController
2/24/2017 3:57:17 PM:31,1.347756,0.2283752,-1.322728,24.60995,110.2917,344.6428,LeftController
2/24/2017 3:57:17 PM:64,1.347989,0.2296283,-1.324508,24.56671,110.2859,344.6606,LeftController
2/24/2017 3:57:17 PM:110,1.347683,0.2320032,-1.327512,24.03622,110.5594,344.8379,LeftController
2/24/2017 3:57:17 PM:153,1.345712,0.2337943,-1.331603,23.81123,111.4672,345.1078,LeftController
2/24/2017 3:57:17 PM:198,1.344548,0.2365676,-1.33579,23.6758,112.4389,346.1223,LeftController
2/24/2017 3:57:17 PM:243,1.343776,0.2403973,-1.33917,23.14379,112.9593,346.7336,LeftController
2/24/2017 3:57:17 PM:288,1.344253,0.2453645,-1.340546,22.3353,113.2284,346.9291,LeftController
2/24/2017 3:57:17 PM:332,1.346072,0.2512968,-1.340566,21.25623,112.9383,347.0384,LeftController
2/24/2017 3:57:17 PM:365,1.348236,0.2558532,-1.339192,20.41092,112.7329,346.6596,LeftController
2/24/2017 3:57:17 PM:401,1.350658,0.2608236,-1.337092,19.46596,112.371,345.941,LeftController
2/24/2017 3:57:17 PM:466,1.35833,0.272935,-1.329432,17.37119,110.4549,345.3242,LeftController
2/24/2017 3:57:17 PM:522,1.362509,0.2781746,-1.323503,16.69045,109.1599,344.7662,LeftController
2/24/2017 3:57:17 PM:558,1.364901,0.2819557,-1.319952,15.90869,108.3134,344.5252,LeftController
2/24/2017 3:57:17 PM:599,1.367543,0.2866305,-1.316198,14.86163,107.5256,344.3442,LeftController
2/24/2017 3:57:17 PM:633,1.368085,0.288234,-1.314166,14.70734,107.2748,344.2994,LeftController
2/24/2017 3:57:17 PM:667,1.36764,0.2888083,-1.312671,14.97307,107.1359,344.5595,LeftController
2/24/2017 3:57:17 PM:704,1.366625,0.2881186,-1.312111,15.34562,107.2394,345.0658,LeftController
2/24/2017 3:57:17 PM:768,1.361098,0.2846324,-1.314187,16.5559,108.6126,345.7047,LeftController
2/24/2017 3:57:17 PM:824,1.356878,0.2819524,-1.316684,17.20906,109.7172,346.4852,LeftController
2/24/2017 3:57:17 PM:871,1.353099,0.2796479,-1.319962,17.83471,110.5151,347.4935,LeftController
2/24/2017 3:57:17 PM:913,1.348755,0.2777936,-1.323195,18.45061,111.7239,348.9521,LeftController
2/24/2017 3:57:17 PM:980,1.343155,0.276004,-1.332542,19.02317,113.9864,351.2104,LeftController
2/24/2017 3:57:18 PM:38,1.340265,0.2758855,-1.338832,18.86811,115.4368,352.446,LeftController
2/24/2017 3:57:18 PM:81,1.338819,0.2746905,-1.343713,19.6131,115.6719,353.9473,LeftController
2/24/2017 3:57:18 PM:125,1.337242,0.2738719,-1.348623,19.69955,116.2507,355.4792,LeftController
2/24/2017 3:57:18 PM:181,1.334927,0.2747397,-1.356264,18.69396,117.3252,356.3022,LeftController
2/24/2017 3:57:18 PM:226,1.332417,0.276372,-1.363511,17.81341,118.7512,356.6203,LeftController
2/24/2017 3:57:18 PM:270,1.329679,0.2770308,-1.37016,17.79313,120.0467,358.3473,LeftController
2/24/2017 3:57:18 PM:314,1.325549,0.2765627,-1.377301,17.75688,121.7562,359.0578,LeftController
2/24/2017 3:57:18 PM:362,1.320776,0.2738398,-1.384507,18.62326,123.3165,359.7949,LeftController
2/24/2017 3:57:18 PM:418,1.309234,0.2687311,-1.396935,19.71325,127.7153,0.1133423,LeftController
2/24/2017 3:57:18 PM:484,1.298712,0.2647299,-1.405888,20.53637,130.0339,1.600062,LeftController
2/24/2017 3:57:18 PM:529,1.294353,0.2632926,-1.409,20.56977,130.4968,1.819998,LeftController
2/24/2017 3:57:18 PM:573,1.289291,0.2612621,-1.412201,20.9141,130.5149,1.611465,LeftController
2/24/2017 3:57:18 PM:618,1.283391,0.2594836,-1.416527,21.43652,131.6353,2.076621,LeftController
2/24/2017 3:57:18 PM:685,1.271842,0.2586867,-1.424659,21.83464,134.1705,3.650624,LeftController
2/24/2017 3:57:18 PM:741,1.265906,0.2591575,-1.428761,21.64734,135.7239,3.999757,LeftController
2/24/2017 3:57:18 PM:785,1.260684,0.2592645,-1.43254,21.7496,136.8377,4.372492,LeftController
2/24/2017 3:57:18 PM:833,1.255572,0.2595602,-1.436383,21.71105,138.1345,4.924857,LeftController
2/24/2017 3:57:18 PM:876,1.250961,0.2602272,-1.439471,21.61899,138.9553,5.28341,LeftController
2/24/2017 3:57:18 PM:923,1.246975,0.2609271,-1.442244,21.59414,139.7946,5.504756,LeftController
2/24/2017 3:57:18 PM:976,1.243057,0.2616829,-1.445501,21.60837,140.7819,5.993357,LeftController
2/24/2017 3:57:19 PM:21,1.240936,0.2624929,-1.44765,21.43669,141.3347,6.016018,LeftController
2/24/2017 3:57:19 PM:88,1.237994,0.2636604,-1.450167,21.27316,141.9868,6.254314,LeftController
2/24/2017 3:57:19 PM:155,1.237443,0.2647054,-1.451306,21.14241,142.0517,6.13766,LeftController
2/24/2017 3:57:19 PM:200,1.237409,0.2647711,-1.451981,21.10749,142.0744,5.94144,LeftController
2/24/2017 3:57:19 PM:244,1.237808,0.2649446,-1.452118,21.07217,141.996,5.823499,LeftController
2/24/2017 3:57:19 PM:300,1.23884,0.264876,-1.452583,21.08682,141.8334,5.542811,LeftController
2/24/2017 3:57:19 PM:356,1.240084,0.2650986,-1.452278,21.04151,141.4966,5.356205,LeftController
2/24/2017 3:57:19 PM:400,1.241603,0.265131,-1.451963,21.07412,141.1443,5.172959,LeftController
2/24/2017 3:57:19 PM:445,1.243047,0.2651637,-1.45178,20.99729,140.9418,5.111377,LeftController
2/24/2017 3:57:19 PM:491,1.245214,0.2654237,-1.45108,20.9002,140.5403,5.056718,LeftController
2/24/2017 3:57:19 PM:534,1.247864,0.2652501,-1.45034,20.9276,139.9309,4.833716,LeftController
2/24/2017 3:57:19 PM:582,1.250891,0.2646989,-1.449452,20.92801,139.2458,4.689874,LeftController
2/24/2017 3:57:19 PM:647,1.257825,0.2639103,-1.445288,20.94102,137.3411,4.365022,LeftController
2/24/2017 3:57:19 PM:691,1.261511,0.2634525,-1.442955,20.87773,136.5705,4.162056,LeftController
2/24/2017 3:57:19 PM:736,1.267037,0.2623372,-1.439285,21.06571,135.4289,3.9366,LeftController
2/24/2017 3:57:19 PM:781,1.273786,0.261043,-1.434454,21.31295,133.8973,3.119641,LeftController
2/24/2017 3:57:19 PM:837,1.284647,0.2606882,-1.426537,21.05827,131.4482,2.058221,LeftController
2/24/2017 3:57:19 PM:892,1.297135,0.2608988,-1.41595,20.8717,128.6008,0.9564927,LeftController
2/24/2017 3:57:19 PM:938,1.308265,0.2617429,-1.406021,20.52147,125.9532,359.8724,LeftController
2/24/2017 3:57:19 PM:984,1.319397,0.2630534,-1.395066,20.12236,123.3222,358.4787,LeftController
2/24/2017 3:57:20 PM:27,1.330702,0.2649735,-1.383001,19.66904,120.5877,357.2578,LeftController
2/24/2017 3:57:20 PM:71,1.342076,0.2678071,-1.369895,18.9658,117.5725,356.0501,LeftController
2/24/2017 3:57:20 PM:116,1.352821,0.2710117,-1.356304,18.07533,114.7545,354.5381,LeftController
2/24/2017 3:57:20 PM:161,1.36345,0.2746627,-1.341245,17.25162,111.5717,353.4761,LeftController
2/24/2017 3:57:20 PM:205,1.3733,0.2786081,-1.325277,16.34971,108.1725,352.4322,LeftController
2/24/2017 3:57:20 PM:250,1.382406,0.2828048,-1.309245,15.34433,105.0092,351.3052,LeftController
2/24/2017 3:57:20 PM:296,1.390367,0.2869222,-1.292835,14.50521,101.6371,350.1848,LeftController
2/24/2017 3:57:20 PM:362,1.401199,0.293597,-1.265698,13.59969,96.59869,349.8626,LeftController
2/24/2017 3:57:20 PM:417,1.406242,0.2975374,-1.251871,13.01561,93.87291,350.0123,LeftController
2/24/2017 3:57:20 PM:464,1.410427,0.301296,-1.24079,11.92906,91.90363,348.4105,LeftController
2/24/2017 3:57:20 PM:506,1.413239,0.3041021,-1.231336,11.2742,90.36716,347.9704,LeftController
2/24/2017 3:57:20 PM:550,1.415222,0.3055404,-1.222999,10.99752,89.27884,347.2711,LeftController
2/24/2017 3:57:20 PM:596,1.416954,0.3069141,-1.216918,10.54412,88.5554,346.6841,LeftController
2/24/2017 3:57:20 PM:642,1.417962,0.308193,-1.212154,10.10098,87.78523,346.0645,LeftController
2/24/2017 3:57:20 PM:708,1.418496,0.3101948,-1.206803,9.330777,87.13936,345.7747,LeftController
2/24/2017 3:57:20 PM:763,1.417815,0.3107531,-1.205277,9.094607,87.08543,345.673,LeftController
2/24/2017 3:57:20 PM:796,1.417493,0.3110235,-1.204624,8.902038,86.81519,345.8698,LeftController
2/24/2017 3:57:20 PM:841,1.41721,0.3115734,-1.205167,8.657353,86.96952,345.6762,LeftController
2/24/2017 3:57:20 PM:886,1.416764,0.3113203,-1.206193,8.735624,87.2393,345.9631,LeftController
2/24/2017 3:57:20 PM:921,1.416476,0.3110213,-1.207659,8.861136,87.42532,346.1104,LeftController
2/24/2017 3:57:20 PM:956,1.416403,0.3107409,-1.209836,8.964212,87.82391,346.2115,LeftController
2/24/2017 3:57:20 PM:998,1.416816,0.3108498,-1.213565,8.871682,88.46391,346.3701,LeftController
2/24/2017 3:57:21 PM:65,1.417414,0.3120242,-1.219146,8.618328,89.41533,346.865,LeftController
2/24/2017 3:57:21 PM:155,1.417874,0.3124418,-1.226187,8.357486,90.08372,347.2996,LeftController
2/24/2017 3:57:21 PM:221,1.41736,0.3115902,-1.232328,8.202726,91.50974,347.4586,LeftController
2/24/2017 3:57:21 PM:277,1.415968,0.3114157,-1.23931,7.842854,93.0892,347.3423,LeftController
2/24/2017 3:57:21 PM:332,1.414173,0.3114402,-1.244565,7.407253,94.58465,347.467,LeftController
2/24/2017 3:57:21 PM:367,1.414005,0.3114362,-1.246934,7.232355,94.88579,347.4308,LeftController
2/24/2017 3:57:21 PM:412,1.413613,0.3096496,-1.248652,7.450591,95.40726,347.1569,LeftController
2/24/2017 3:57:21 PM:535,1.416213,0.3000423,-1.246641,8.994664,94.22379,346.5145,LeftController
2/24/2017 3:57:21 PM:602,1.417008,0.2975941,-1.246042,9.283169,94.22711,346.4358,LeftController
2/24/2017 3:57:21 PM:645,1.41711,0.2970058,-1.246445,9.387947,94.17187,346.5117,LeftController
2/24/2017 3:57:21 PM:690,1.417022,0.2958415,-1.247916,9.571595,94.3836,346.5309,LeftController
2/24/2017 3:57:21 PM:736,1.416156,0.2945509,-1.249954,9.776663,94.79887,346.5545,LeftController
2/24/2017 3:57:21 PM:771,1.415694,0.2932479,-1.251635,9.9814,94.96474,346.5994,LeftController
2/24/2017 3:57:21 PM:825,1.41379,0.2907742,-1.254922,10.38941,95.61644,346.7584,LeftController
2/24/2017 3:57:21 PM:882,1.412481,0.2888752,-1.258247,10.66519,96.24371,346.7075,LeftController
2/24/2017 3:57:21 PM:925,1.411205,0.2862002,-1.261246,10.97999,96.64641,345.9434,LeftController
2/24/2017 3:57:21 PM:969,1.410145,0.2842326,-1.264642,11.1462,97.63394,345.9295,LeftController
2/24/2017 3:57:22 PM:14,1.408884,0.2837871,-1.269721,9.767876,99.10455,344.0934,LeftController
2/24/2017 3:57:22 PM:60,1.40925,0.2811785,-1.274055,9.226148,99.77048,342.5738,LeftController
2/24/2017 3:57:22 PM:126,1.414691,0.27071,-1.284871,10.80954,101.8768,344.9776,LeftController
2/24/2017 3:57:22 PM:181,1.42221,0.260098,-1.291608,12.50741,102.9325,345.6882,LeftController
2/24/2017 3:57:22 PM:227,1.431747,0.251541,-1.298223,13.53619,102.8344,347.4879,LeftController
2/24/2017 3:57:22 PM:293,1.447071,0.2389853,-1.315065,14.95333,103.96,349.6828,LeftController
2/24/2017 3:57:22 PM:349,1.453254,0.2365981,-1.327596,14.78982,104.1094,349.5768,LeftController
2/24/2017 3:57:22 PM:383,1.456834,0.236576,-1.33816,14.45571,104.3941,350.3083,LeftController
2/24/2017 3:57:22 PM:439,1.4613,0.2370342,-1.362936,14.13483,105.9344,353.6284,LeftController
2/24/2017 3:57:22 PM:506,1.462175,0.2359772,-1.388624,13.83794,107.4496,355.3467,LeftController
2/24/2017 3:57:22 PM:550,1.46257,0.2336823,-1.40016,13.89165,107.6212,356.3117,LeftController
2/24/2017 3:57:22 PM:595,1.45973,0.2282109,-1.416581,15.58611,108.3278,356.4031,LeftController
2/24/2017 3:57:22 PM:628,1.455796,0.2252069,-1.430536,16.25396,109.3582,356.0102,LeftController
2/24/2017 3:57:22 PM:665,1.44945,0.2240403,-1.445898,16.35164,110.8146,357.1029,LeftController
2/24/2017 3:57:22 PM:730,1.425858,0.2220027,-1.491051,16.52339,117.4614,357.5984,LeftController
2/24/2017 3:57:22 PM:785,1.407089,0.2208631,-1.520901,17.1449,121.5612,358.6564,LeftController
2/24/2017 3:57:22 PM:829,1.384617,0.2202697,-1.550882,17.13717,126.6209,359.7195,LeftController
2/24/2017 3:57:22 PM:863,1.36535,0.2194664,-1.572866,17.54996,130.5415,0.7617992,LeftController
2/24/2017 3:57:22 PM:908,1.338139,0.218787,-1.599884,17.98468,136.048,2.379943,LeftController
2/24/2017 3:57:22 PM:941,1.317828,0.2190905,-1.616856,18.15368,140.1324,4.656887,LeftController
2/24/2017 3:57:22 PM:974,1.299251,0.2195456,-1.63049,18.4335,143.4873,6.386738,LeftController
2/24/2017 3:57:23 PM:20,1.278876,0.2209718,-1.643795,18.63044,146.4924,7.684752,LeftController
2/24/2017 3:57:23 PM:53,1.26643,0.222281,-1.651313,18.53358,148.2161,8.37053,LeftController
2/24/2017 3:57:23 PM:86,1.256131,0.2240357,-1.6567,18.29259,149.8223,9.135139,LeftController
2/24/2017 3:57:23 PM:122,1.249734,0.2255692,-1.659987,18.28057,150.9697,10.6772,LeftController
2/24/2017 3:57:23 PM:199,1.251059,0.2269046,-1.658915,18.1316,150.8103,13.29896,LeftController
2/24/2017 3:57:23 PM:265,1.271958,0.2234554,-1.646323,18.59522,147.1685,13.9043,LeftController
2/24/2017 3:57:23 PM:321,1.294595,0.2198586,-1.630382,18.91539,142.8203,12.89616,LeftController
2/24/2017 3:57:23 PM:377,1.326006,0.2152579,-1.603009,19.49164,136.5067,11.76961,LeftController
2/24/2017 3:57:23 PM:421,1.353612,0.211971,-1.573668,20.09912,130.2686,11.27349,LeftController
2/24/2017 3:57:23 PM:470,1.379984,0.208303,-1.538485,21.23919,123.5615,10.99615,LeftController
2/24/2017 3:57:23 PM:545,1.421126,0.2050176,-1.460233,21.48184,111.2955,7.815814,LeftController
2/24/2017 3:57:23 PM:611,1.440261,0.2024739,-1.399774,21.62197,102.7504,4.944357,LeftController
2/24/2017 3:57:23 PM:680,1.449092,0.2000377,-1.346008,21.13725,96.513,0.9210324,LeftController
2/24/2017 3:57:23 PM:756,1.448891,0.1951618,-1.292909,21.60562,91.40234,357.0416,LeftController
2/24/2017 3:57:23 PM:824,1.442858,0.1904135,-1.254219,22.5794,87.09477,354.6254,LeftController
2/24/2017 3:57:23 PM:902,1.4315,0.1812735,-1.223165,25.39754,82.9189,352.5219,LeftController
2/24/2017 3:57:23 PM:958,1.425012,0.1784227,-1.221269,25.56954,85.59723,353.3211,LeftController
2/24/2017 3:57:24 PM:3,1.419047,0.1756945,-1.21719,26.39913,85.95698,355.8123,LeftController
2/24/2017 3:57:24 PM:69,1.408094,0.1699777,-1.213177,28.14864,86.76216,356.3629,LeftController
2/24/2017 3:57:24 PM:125,1.404678,0.1699586,-1.214905,27.89952,87.89024,356.1484,LeftController
2/24/2017 3:57:24 PM:170,1.40322,0.1707997,-1.21792,27.63659,88.70495,355.2436,LeftController
2/24/2017 3:57:24 PM:215,1.403275,0.1727409,-1.223426,27.55735,89.78663,353.9661,LeftController
2/24/2017 3:57:24 PM:247,1.404612,0.1762037,-1.228965,26.85605,91.50991,353.1315,LeftController
2/24/2017 3:57:24 PM:292,1.406875,0.1815693,-1.236043,25.64613,93.4277,352.9259,LeftController
2/24/2017 3:57:24 PM:360,1.411228,0.189395,-1.248619,23.96601,95.9305,351.9222,LeftController
2/24/2017 3:57:24 PM:427,1.413683,0.1927037,-1.2569,23.44816,96.70968,351.1658,LeftController
2/24/2017 3:57:24 PM:471,1.413833,0.1931431,-1.259636,23.31458,97.02003,351.7129,LeftController
2/24/2017 3:57:24 PM:516,1.412601,0.1932127,-1.262847,23.30989,97.34566,350.9478,LeftController
2/24/2017 3:57:24 PM:552,1.4114,0.1926413,-1.265436,23.26924,97.70355,350.0638,LeftController
2/24/2017 3:57:24 PM:617,1.408574,0.1916232,-1.270075,23.94274,98.34068,350.7551,LeftController
2/24/2017 3:57:24 PM:673,1.407963,0.1917274,-1.271298,23.79573,98.70424,350.3219,LeftController
2/24/2017 3:57:24 PM:717,1.408047,0.1916833,-1.272275,23.83536,98.74041,350.1318,LeftController
2/24/2017 3:57:24 PM:751,1.408021,0.1917379,-1.272094,23.90846,98.52438,349.9755,LeftController
2/24/2017 3:57:24 PM:784,1.408129,0.1924357,-1.271819,23.73914,98.31026,349.5757,LeftController
2/24/2017 3:57:24 PM:841,1.40864,0.1938527,-1.272631,23.43293,98.28262,349.4384,LeftController
2/24/2017 3:57:24 PM:874,1.408442,0.1940632,-1.272934,23.43967,98.41836,349.38,LeftController
2/24/2017 3:57:24 PM:919,1.408148,0.1942763,-1.274236,23.44193,98.58244,349.4107,LeftController
2/24/2017 3:57:24 PM:987,1.407395,0.194953,-1.27705,23.45826,98.84399,349.276,LeftController
2/24/2017 3:57:25 PM:41,1.407296,0.1953607,-1.279369,23.40001,99.20592,349.4374,LeftController
2/24/2017 3:57:25 PM:97,1.406366,0.1951053,-1.281227,23.5731,99.34567,349.5215,LeftController
2/24/2017 3:57:25 PM:165,1.405456,0.1951146,-1.283704,23.64347,99.68747,349.622,LeftController
2/24/2017 3:57:25 PM:208,1.405544,0.1947958,-1.284912,23.78223,99.82501,349.8029,LeftController
2/24/2017 3:57:25 PM:253,1.405442,0.1944129,-1.285353,23.81394,99.83683,349.8822,LeftController
2/24/2017 3:57:25 PM:290,1.405447,0.1940362,-1.285366,23.86135,99.72424,349.7623,LeftController
2/24/2017 3:57:25 PM:343,1.405732,0.1931834,-1.28517,23.97418,99.4598,349.5337,LeftController
2/24/2017 3:57:25 PM:410,1.405258,0.1922939,-1.284175,24.18021,99.26367,349.4742,LeftController
2/24/2017 3:57:25 PM:465,1.404778,0.192194,-1.284584,24.24627,99.26038,349.3325,LeftController
2/24/2017 3:57:25 PM:522,1.404399,0.1919372,-1.284388,24.20829,99.08441,349.284,LeftController
2/24/2017 3:57:25 PM:566,1.4043,0.1911695,-1.283892,24.23451,98.61414,349.1213,LeftController
2/24/2017 3:57:25 PM:610,1.404288,0.1900406,-1.283651,24.48677,98.38683,349.0392,LeftController
2/24/2017 3:57:25 PM:655,1.404402,0.1895883,-1.283844,24.44252,98.13614,348.8356,LeftController
2/24/2017 3:57:25 PM:711,1.404168,0.1895149,-1.284686,24.44009,98.25046,348.7318,LeftController
2/24/2017 3:57:25 PM:767,1.404113,0.1901152,-1.287185,24.33118,98.63259,348.9855,LeftController
2/24/2017 3:57:25 PM:825,1.403708,0.190064,-1.288353,24.24663,98.75348,348.7025,LeftController
2/24/2017 3:57:25 PM:867,1.403836,0.1901264,-1.290048,24.05869,98.83609,348.4247,LeftController
2/24/2017 3:57:25 PM:923,1.404049,0.1902394,-1.291138,23.64613,98.69586,347.3201,LeftController
2/24/2017 3:57:25 PM:981,1.403922,0.1906939,-1.292372,23.59526,98.79623,346.9916,LeftController
2/24/2017 3:57:26 PM:34,1.403732,0.1915636,-1.293612,23.28203,99.01054,346.8906,LeftController
2/24/2017 3:57:26 PM:79,1.403399,0.1922393,-1.294408,22.91704,99.26433,346.1809,LeftController
2/24/2017 3:57:26 PM:148,1.401926,0.1929808,-1.294434,22.08256,99.77515,344.5236,LeftController
2/24/2017 3:57:26 PM:202,1.400677,0.1960597,-1.297339,19.99833,100.9026,340.558,LeftController
2/24/2017 3:57:26 PM:238,1.40167,0.2063503,-1.301629,15.24399,102.8448,337.8905,LeftController
2/24/2017 3:57:26 PM:281,1.404527,0.2401938,-1.30477,2.515304,103.1038,337.3062,LeftController
2/24/2017 3:57:26 PM:325,1.408085,0.283458,-1.291504,351.0896,95.71869,346.2176,LeftController
2/24/2017 3:57:26 PM:370,1.40495,0.3382901,-1.270884,338.8396,83.5162,354.1947,LeftController
2/24/2017 3:57:26 PM:414,1.394386,0.3891816,-1.253449,329.3481,74.6736,3.022224,LeftController
2/24/2017 3:57:26 PM:460,1.385884,0.4393036,-1.245024,323.2302,72.06819,8.009147,LeftController
2/24/2017 3:57:26 PM:527,1.371356,0.5243556,-1.237867,315.173,64.58332,19.28048,LeftController
2/24/2017 3:57:26 PM:593,1.353965,0.584657,-1.233854,307.7305,50.42252,31.21837,LeftController
2/24/2017 3:57:26 PM:638,1.330365,0.6303501,-1.228085,304.0171,31.54064,48.04332,LeftController
2/24/2017 3:57:26 PM:671,1.309795,0.6562274,-1.222245,305.6604,15.79391,57.60062,LeftController
2/24/2017 3:57:26 PM:716,1.279887,0.6793351,-1.216474,314.2352,356.8388,61.08567,LeftController
2/24/2017 3:57:26 PM:774,1.236154,0.6935331,-1.210418,334.0753,340.7845,66.22163,LeftController
2/24/2017 3:57:26 PM:840,-0.5018649,1.483201,-0.05679667,354.4835,265.2594,96.19338,LeftController
2/24/2017 3:57:26 PM:883,-0.4926219,1.495879,-0.07114291,352.7581,260.923,97.49166,LeftController
2/24/2017 3:57:26 PM:929,-0.479634,1.50002,-0.08307397,354.0319,258.2796,99.10012,LeftController
2/24/2017 3:57:26 PM:973,-0.4690621,1.49988,-0.09337175,355.1667,256.8686,97.59001,LeftController
2/24/2017 3:57:27 PM:21,-0.462312,1.496243,-0.1045537,357.0711,255.0536,97.9402,LeftController
2/24/2017 3:57:27 PM:62,-0.4585402,1.488611,-0.1151794,359.8914,253.5156,100.1013,LeftController
2/24/2017 3:57:27 PM:107,-0.4557886,1.484789,-0.1263462,1.02468,251.8492,99.33137,LeftController
2/24/2017 3:57:27 PM:152,-0.4543183,1.481712,-0.1354034,2.436769,250.1699,102.1164,LeftController
2/24/2017 3:57:27 PM:196,-0.454859,1.484819,-0.1383332,2.708496,249.5673,99.1888,LeftController
2/24/2017 3:57:27 PM:242,-0.5330188,1.51597,-0.1921236,4.981817,247.6667,100.509,LeftController
2/24/2017 3:57:27 PM:286,-0.7222772,1.597254,-0.2854677,16.64533,260.5778,99.9345,LeftController
2/24/2017 3:57:27 PM:331,-0.9649647,1.665583,-0.3667343,17.52103,262.7778,100.2891,LeftController
2/24/2017 3:57:27 PM:375,-0.1153178,1.353357,-0.0340519,6.152913,282.1981,97.21912,LeftController
2/24/2017 3:57:27 PM:420,-0.1153178,1.353357,-0.0340519,6.152913,282.1981,97.21912,LeftController
2/24/2017 3:57:27 PM:465,-0.1153178,1.353357,-0.0340519,6.152913,282.1981,97.21912,LeftController
2/24/2017 3:57:27 PM:508,-0.1153178,1.353357,-0.0340519,6.152913,282.1981,97.21912,LeftController
2/24/2017 3:57:27 PM:553,-0.1153178,1.353357,-0.0340519,6.152913,282.1981,97.21912,LeftController
2/24/2017 3:57:27 PM:597,-0.1153178,1.353357,-0.0340519,6.152913,282.1981,97.21912,LeftController
2/24/2017 3:57:27 PM:642,-0.1153178,1.353357,-0.0340519,6.152913,282.1981,97.21912,LeftController
2/24/2017 3:57:27 PM:687,-0.1153178,1.353357,-0.0340519,6.152913,282.1981,97.21912,LeftController
2/24/2017 3:57:27 PM:731,-0.1153178,1.353357,-0.0340519,6.152913,282.1981,97.21912,LeftController
2/24/2017 3:57:27 PM:799,-0.1153178,1.353357,-0.0340519,6.152913,282.1981,97.21912,LeftController
2/24/2017 3:57:27 PM:856,-0.1153178,1.353357,-0.0340519,6.152913,282.1981,97.21912,LeftController
2/24/2017 3:57:27 PM:910,-0.1153178,1.353357,-0.0340519,6.152913,282.1981,97.21912,LeftController
2/24/2017 3:57:27 PM:966,-0.1153178,1.353357,-0.0340519,6.152913,282.1981,97.21912,LeftController
2/24/2017 3:57:28 PM:35,-0.1153178,1.353357,-0.0340519,6.152913,282.1981,97.21912,LeftController
2/24/2017 3:57:28 PM:89,-0.1153178,1.353357,-0.0340519,6.152913,282.1981,97.21912,LeftController
2/24/2017 3:57:28 PM:134,-0.1153178,1.353357,-0.0340519,6.152913,282.1981,97.21912,LeftController
2/24/2017 3:57:28 PM:180,-0.1153178,1.353357,-0.0340519,6.152913,282.1981,97.21912,LeftController
2/24/2017 3:57:28 PM:223,-0.1153178,1.353357,-0.0340519,6.152913,282.1981,97.21912,LeftController
2/24/2017 3:57:28 PM:267,-0.1153178,1.353357,-0.0340519,6.152913,282.1981,97.21912,LeftController
2/24/2017 3:57:28 PM:312,-0.1153178,1.353357,-0.0340519,6.152913,282.1981,97.21912,LeftController
2/24/2017 3:57:28 PM:358,-0.1153178,1.353357,-0.0340519,6.152913,282.1981,97.21912,LeftController
2/24/2017 3:57:28 PM:402,-0.1153178,1.353357,-0.0340519,6.152913,282.1981,97.21912,LeftController
2/24/2017 3:57:28 PM:446,-0.1153178,1.353357,-0.0340519,6.152913,282.1981,97.21912,LeftController
2/24/2017 3:57:28 PM:493,-0.1153178,1.353357,-0.0340519,6.152913,282.1981,97.21912,LeftController
2/24/2017 3:57:28 PM:558,-0.1153178,1.353357,-0.0340519,6.152913,282.1981,97.21912,LeftController
2/24/2017 3:57:28 PM:614,-0.5613458,1.523911,-0.2342697,20.72529,219.8364,115.1499,LeftController
2/24/2017 3:57:28 PM:660,-0.5699053,1.53105,-0.2349302,19.08232,220.1994,115.1493,LeftController
2/24/2017 3:57:28 PM:703,-0.5786545,1.535094,-0.2315415,18.18557,222.6211,115.5293,LeftController
2/24/2017 3:57:28 PM:748,-0.5839372,1.535742,-0.2262841,20.68406,226.1093,115.0589,LeftController
2/24/2017 3:57:28 PM:792,-0.5749638,1.539349,-0.2255001,17.74969,225.7927,116.4658,LeftController
2/24/2017 3:57:28 PM:844,-0.5652013,1.549046,-0.233156,11.81791,220.3653,120.3647,LeftController
2/24/2017 3:57:28 PM:882,-0.5604923,1.552747,-0.2413415,10.31643,216.6864,121.105,LeftController
2/24/2017 3:57:28 PM:950,-0.5543509,1.534133,-0.2416327,19.2653,216.4518,116.6313,LeftController
2/24/2017 3:57:28 PM:995,-0.5544088,1.530134,-0.2425612,18.46351,214.5331,118.4394,LeftController
2/24/2017 3:57:29 PM:39,-0.543771,1.522803,-0.2406853,20.6239,214.6553,117.2828,LeftController
2/24/2017 3:57:29 PM:83,-0.5374362,1.514326,-0.2420403,24.19711,210.0975,115.8211,LeftController
2/24/2017 3:57:29 PM:128,-0.5368526,1.509521,-0.2468105,24.25534,209.048,114.4374,LeftController
2/24/2017 3:57:29 PM:173,-0.5391824,1.507142,-0.2511263,24.39,207.4512,112.8957,LeftController
2/24/2017 3:57:29 PM:217,-0.5412889,1.505869,-0.2555487,24.8483,207.5738,111.7381,LeftController
2/24/2017 3:57:29 PM:262,-0.5436687,1.508364,-0.2542947,25.84341,208.1671,112.3602,LeftController
2/24/2017 3:57:29 PM:307,-0.5479288,1.515811,-0.254253,22.5839,210.509,109.0126,LeftController
2/24/2017 3:57:29 PM:351,-0.5507007,1.513775,-0.2511363,22.72638,212.7614,110.1891,LeftController
2/24/2017 3:57:29 PM:396,-0.5552227,1.510787,-0.2459681,23.44103,215.1674,110.6828,LeftController
2/24/2017 3:57:29 PM:454,-0.5644288,1.515014,-0.2375906,18.67587,216.5524,103.363,LeftController
2/24/2017 3:57:29 PM:509,-0.5741446,1.51629,-0.2169068,15.31277,221.405,102.7561,LeftController
2/24/2017 3:57:29 PM:554,-0.5796671,1.521823,-0.1944989,11.14902,226.3632,99.00493,LeftController
2/24/2017 3:57:29 PM:600,-0.5801535,1.528591,-0.1696477,5.323017,231.1182,97.34904,LeftController
2/24/2017 3:57:29 PM:643,-0.5703676,1.532433,-0.1436063,358.2662,236.7838,98.31775,LeftController
2/24/2017 3:57:29 PM:687,-0.5531375,1.530439,-0.1218637,351.6868,242.4304,103.1672,LeftController
2/24/2017 3:57:29 PM:732,-0.5302777,1.531724,-0.1073807,343.8625,246.1181,104.1467,LeftController
2/24/2017 3:57:29 PM:777,-0.5065899,1.529489,-0.1019409,338.7775,246.0518,107.4191,LeftController
2/24/2017 3:57:29 PM:821,-0.4888172,1.528977,-0.102007,335.0936,245.8598,107.7347,LeftController
2/24/2017 3:57:29 PM:866,-0.4778583,1.526695,-0.1062186,333.7976,246.2591,110.4699,LeftController
2/24/2017 3:57:29 PM:912,-0.4721296,1.524772,-0.1122508,333.6572,246.6719,113.5316,LeftController
2/24/2017 3:57:29 PM:957,-0.4682112,1.523452,-0.1198556,334.0472,245.5524,114.2269,LeftController
2/24/2017 3:57:30 PM:1,-0.4674938,1.520719,-0.1288323,335.316,244.3477,117.1778,LeftController
2/24/2017 3:57:30 PM:57,-0.4701059,1.515756,-0.1355003,337.4394,243.1771,118.5769,LeftController
2/24/2017 3:57:30 PM:102,-0.4712675,1.512843,-0.135538,338.8884,241.0529,118.7768,LeftController
2/24/2017 3:57:30 PM:157,-0.471591,1.513838,-0.1152308,338.0938,241.7831,115.7989,LeftController
2/24/2017 3:57:30 PM:202,-0.4660239,1.516427,-0.08302152,336.3718,244.7411,108.3175,LeftController
2/24/2017 3:57:30 PM:248,-0.4461622,1.513653,-0.04448783,334.3316,245.754,102.0032,LeftController
2/24/2017 3:57:30 PM:297,-0.4147267,1.502106,-0.009939313,332.2548,244.5632,104.9924,LeftController
2/24/2017 3:57:30 PM:336,-0.3776033,1.491897,0.01745689,331.3199,243.892,107.456,LeftController
2/24/2017 3:57:30 PM:381,-0.3306794,1.479963,0.03340924,327.4155,240.3454,111.92,LeftController
2/24/2017 3:57:30 PM:426,-0.2861183,1.471228,0.03810322,316.3307,231.7188,126.9044,LeftController
2/24/2017 3:57:30 PM:471,-0.2501233,1.462431,0.03501809,306.791,217.6815,142.2682,LeftController
2/24/2017 3:57:30 PM:515,-0.2219353,1.437992,0.02481699,308.8056,195.7905,158.1582,LeftController
2/24/2017 3:57:30 PM:560,-0.2107658,1.410634,0.02038765,314.1901,190.1793,164.99,LeftController
2/24/2017 3:57:30 PM:604,-0.2114069,1.389886,0.01210499,318.2485,188.5686,166.6237,LeftController
2/24/2017 3:57:30 PM:649,-0.2248533,1.369997,-0.002507448,321.3712,187.5732,171.9669,LeftController
2/24/2017 3:57:30 PM:694,-0.2161543,1.351237,-0.0008658171,320.3028,188.5674,173.4877,LeftController
2/24/2017 3:57:30 PM:739,-0.2175627,1.344519,-0.002300143,316.5282,191.9285,173.9166,LeftController
2/24/2017 3:57:30 PM:783,-0.2212963,1.346044,-0.004289389,313.1425,196.1945,171.0823,LeftController
2/24/2017 3:57:30 PM:827,-0.2209485,1.347432,-0.00831151,312.4691,198.4548,167.8971,LeftController
2/24/2017 3:57:30 PM:873,-0.2195821,1.347476,-0.01081765,313.4514,198.655,166.9175,LeftController
2/24/2017 3:57:30 PM:917,-0.219744,1.350176,-0.01153111,313.4891,197.5638,166.3865,LeftController
2/24/2017 3:57:30 PM:961,-0.2268729,1.356405,-0.008013248,311.157,196.9176,168.1947,LeftController
2/24/2017 3:57:31 PM:17,-0.2429605,1.374696,0.004217267,303.6642,200.5487,162.7482,LeftController
2/24/2017 3:57:31 PM:63,-0.2602623,1.394505,0.02147365,296.4949,211.6453,150.9603,LeftController
2/24/2017 3:57:31 PM:107,-0.2833488,1.418971,0.03993428,291.7111,233.0576,126.9525,LeftController
2/24/2017 3:57:31 PM:151,-0.3120742,1.449073,0.05694151,290.9407,260.2484,97.66908,LeftController
2/24/2017 3:57:31 PM:196,-0.3488245,1.477228,0.06712568,297.0538,277.8159,79.0248,LeftController
2/24/2017 3:57:31 PM:241,-0.3920312,1.498333,0.06665349,306.5689,280.1028,75.95206,LeftController
2/24/2017 3:57:31 PM:286,-0.4316278,1.512087,0.05238211,315.466,274.3736,80.50983,LeftController
2/24/2017 3:57:31 PM:330,-0.4662347,1.522828,0.02977943,323.0761,268.5087,85.45914,LeftController
2/24/2017 3:57:31 PM:376,-0.4933679,1.523293,0.006592751,331.9622,265.1613,91.00551,LeftController
2/24/2017 3:57:31 PM:420,-0.5158803,1.519854,-0.0187676,339.5541,262.4792,94.50742,LeftController
2/24/2017 3:57:31 PM:465,-0.5318716,1.51418,-0.04254282,346.4589,258.9817,99.16948,LeftController
2/24/2017 3:57:31 PM:509,-0.5469708,1.506258,-0.0638262,353.5968,256.4458,101.7483,LeftController
2/24/2017 3:57:31 PM:554,-0.5603969,1.499211,-0.08084464,359.535,256.1423,104.1858,LeftController
2/24/2017 3:57:31 PM:599,-0.5660174,1.49644,-0.09483171,2.726714,255.784,106.7567,LeftController
2/24/2017 3:57:31 PM:644,-0.5676243,1.498393,-0.1095484,3.679768,254.603,110.376,LeftController
2/24/2017 3:57:31 PM:688,-0.5677042,1.501864,-0.1243274,3.834848,253.055,113.8315,LeftController
2/24/2017 3:57:31 PM:755,-0.5642405,1.508119,-0.1485878,5.004989,249.0672,116.0922,LeftController
2/24/2017 3:57:31 PM:800,-0.5670831,1.510459,-0.1581318,5.48241,247.7134,116.9935,LeftController
2/24/2017 3:57:31 PM:845,-0.5669117,1.512607,-0.1654963,5.768031,246.3239,118.4413,LeftController
2/24/2017 3:57:31 PM:889,-0.5671675,1.513695,-0.1690027,6.314832,244.8561,117.9672,LeftController
2/24/2017 3:57:31 PM:934,-0.5737617,1.514832,-0.1688402,7.192581,246.6902,116.9113,LeftController
2/24/2017 3:57:31 PM:978,-0.5772102,1.515583,-0.1677428,7.706497,248.5521,118.566,LeftController
2/24/2017 3:57:32 PM:22,-0.5789676,1.518468,-0.1710734,7.019495,247.2039,122.5561,LeftController
2/24/2017 3:57:32 PM:68,-0.5818005,1.523755,-0.1762108,6.368891,245.8038,122.4327,LeftController
2/24/2017 3:57:32 PM:112,-0.5848815,1.526392,-0.1783663,7.708093,245.9269,123.2278,LeftController
2/24/2017 3:57:32 PM:158,-0.5859616,1.533505,-0.1813653,7.309589,244.6326,122.3913,LeftController
2/24/2017 3:57:32 PM:201,-0.5896561,1.541263,-0.1863962,7.27647,243.3625,124.5324,LeftController
2/24/2017 3:57:32 PM:246,-0.5931337,1.548512,-0.1898054,7.067267,242.9988,125.9699,LeftController
2/24/2017 3:57:32 PM:291,-0.5951457,1.555343,-0.1967411,5.822145,241.2342,128.5409,LeftController
2/24/2017 3:57:32 PM:336,-0.5973437,1.556098,-0.2025037,4.942031,240.5172,135.4769,LeftController
2/24/2017 3:57:32 PM:380,-0.5975814,1.554572,-0.2108835,5.104466,238.8035,137.5199,LeftController
2/24/2017 3:57:32 PM:425,-0.5938632,1.54695,-0.2196909,7.405632,235.866,140.5665,LeftController
2/24/2017 3:57:32 PM:470,-0.5909643,1.542231,-0.2292839,9.507036,232.6498,138.6568,LeftController
2/24/2017 3:57:32 PM:515,-0.5911543,1.543275,-0.232792,9.586117,231.1456,139.9132,LeftController
2/24/2017 3:57:32 PM:558,-0.5943196,1.551875,-0.2329454,7.981483,231.7516,138.544,LeftController
2/24/2017 3:57:32 PM:603,-0.5965419,1.566777,-0.2353227,5.12819,230.5313,137.7071,LeftController
2/24/2017 3:57:32 PM:649,-0.5949132,1.579356,-0.2385608,4.18055,228.4253,136.0031,LeftController
2/24/2017 3:57:32 PM:693,-0.5915453,1.589598,-0.2403014,3.08578,227.2855,132.9005,LeftController
2/24/2017 3:57:32 PM:737,-0.5871568,1.596029,-0.2442974,1.566346,224.9293,134.7583,LeftController
2/24/2017 3:57:32 PM:783,-0.5807395,1.596311,-0.2494342,1.429095,221.8279,136.929,LeftController
2/24/2017 3:57:32 PM:827,-0.5763507,1.590613,-0.253238,2.871684,220.3432,137.4178,LeftController
2/24/2017 3:57:32 PM:872,-0.5757351,1.584555,-0.2551246,4.495464,219.057,134.6221,LeftController
2/24/2017 3:57:32 PM:918,-0.5788727,1.578806,-0.2543083,4.905618,220.1324,135.7903,LeftController
2/24/2017 3:57:32 PM:973,-0.5839789,1.574564,-0.2478654,4.360987,222.3994,134.8099,LeftController
2/24/2017 3:57:33 PM:17,-0.5881393,1.572539,-0.2370249,4.334107,223.7526,127.9426,LeftController
2/24/2017 3:57:33 PM:62,-0.5911613,1.569788,-0.2191612,2.932186,227.276,125.5004,LeftController
2/24/2017 3:57:33 PM:107,-0.592509,1.571743,-0.1975653,358.4017,231.5439,122.3089,LeftController
2/24/2017 3:57:33 PM:151,-0.5889034,1.572126,-0.1760264,354.6873,235.2153,118.7934,LeftController
2/24/2017 3:57:33 PM:196,-0.5786822,1.57006,-0.1557696,351.2912,237.8918,115.4447,LeftController
2/24/2017 3:57:33 PM:241,-0.564476,1.570143,-0.1391951,346.3123,239.1654,112.094,LeftController
2/24/2017 3:57:33 PM:285,-0.5510521,1.56747,-0.1255852,342.137,240.8832,109.5745,LeftController
2/24/2017 3:57:33 PM:330,-0.5379465,1.564094,-0.1139072,337.9812,243.0567,107.9253,LeftController
2/24/2017 3:57:33 PM:374,-0.5211356,1.559406,-0.10596,333.8691,243.9032,109.2797,LeftController
2/24/2017 3:57:33 PM:419,-0.5050814,1.554729,-0.09813881,329.9609,247.5683,108.7719,LeftController
2/24/2017 3:57:33 PM:463,-0.488678,1.550753,-0.09520733,325.9254,249.1453,110.7203,LeftController
2/24/2017 3:57:33 PM:508,-0.4747329,1.546313,-0.09620309,323.6008,250.8817,112.4544,LeftController
2/24/2017 3:57:33 PM:554,-0.4632676,1.542742,-0.1003096,322.3609,251.1326,114.554,LeftController
2/24/2017 3:57:33 PM:598,-0.4548292,1.540063,-0.1070176,322.0938,251.0876,115.7779,LeftController
2/24/2017 3:57:33 PM:643,-0.4505177,1.537436,-0.1147052,322.9948,250.7854,118.5636,LeftController
2/24/2017 3:57:33 PM:688,-0.4488759,1.535941,-0.1214634,324.0077,250.8998,119.6134,LeftController
2/24/2017 3:57:33 PM:732,-0.447516,1.534256,-0.1271435,326.1013,249.105,118.48,LeftController
2/24/2017 3:57:33 PM:776,-0.4473059,1.532791,-0.1296058,327.3816,250.6997,116.7812,LeftController
2/24/2017 3:57:33 PM:821,-0.4484828,1.532499,-0.1296107,328.2329,252.8731,116.781,LeftController
2/24/2017 3:57:33 PM:867,-0.4469283,1.532275,-0.1311063,329.2185,252.7894,116.165,LeftController
2/24/2017 3:57:33 PM:911,-0.4442034,1.532815,-0.1329936,329.9295,252.1434,115.6901,LeftController
2/24/2017 3:57:33 PM:955,-0.441226,1.534182,-0.1333289,330.3299,252.1207,114.569,LeftController
2/24/2017 3:57:34 PM:0,-0.439142,1.535546,-0.1320748,330.5894,252.5952,113.2847,LeftController
2/24/2017 3:57:34 PM:45,-0.4381676,1.537294,-0.13021,329.9005,253.2562,114.1957,LeftController
2/24/2017 3:57:34 PM:89,-0.4375844,1.537219,-0.1298661,330.1046,253.3111,115.1122,LeftController
2/24/2017 3:57:34 PM:134,-0.4372752,1.536211,-0.1306018,330.6744,252.6749,114.6978,LeftController
2/24/2017 3:57:34 PM:179,-0.4372981,1.535356,-0.1314554,330.9841,252.1633,114.7232,LeftController
2/24/2017 3:57:34 PM:223,-0.4375675,1.534499,-0.1315713,331.3045,251.9906,114.7748,LeftController
2/24/2017 3:57:34 PM:268,-0.4364905,1.534811,-0.1314045,331.2196,251.7486,114.7712,LeftController
2/24/2017 3:57:34 PM:313,-0.4358058,1.534793,-0.1313535,331.1329,251.6488,114.8951,LeftController
2/24/2017 3:57:34 PM:357,-0.4351428,1.534587,-0.1313128,331.2779,251.5437,114.9107,LeftController
2/24/2017 3:57:34 PM:402,-0.4345193,1.534559,-0.1310598,331.2188,251.3547,114.8223,LeftController
2/24/2017 3:57:34 PM:447,-0.4338171,1.534433,-0.1308148,331.252,251.1537,114.8989,LeftController
2/24/2017 3:57:34 PM:504,-0.432893,1.533844,-0.1304501,331.3766,251.0765,114.7659,LeftController
2/24/2017 3:57:34 PM:551,-0.4319909,1.534013,-0.1302507,331.3174,251.11,114.7913,LeftController
2/24/2017 3:57:34 PM:614,-0.4306648,1.533463,-0.1296777,331.3775,251.1951,114.6261,LeftController
2/24/2017 3:57:34 PM:671,-0.4300194,1.533079,-0.1291033,331.2242,251.2491,114.5343,LeftController
2/24/2017 3:57:34 PM:715,-0.429605,1.532996,-0.1289874,331.3308,251.1675,114.4045,LeftController
2/24/2017 3:57:34 PM:759,-0.4286768,1.532697,-0.1287253,331.379,251.0797,114.4238,LeftController
2/24/2017 3:57:34 PM:806,-0.4279335,1.532626,-0.1284562,331.3194,251.0215,114.3704,LeftController
2/24/2017 3:57:34 PM:848,-0.4279349,1.53252,-0.1282594,331.4649,250.9327,114.4029,LeftController
2/24/2017 3:57:34 PM:893,-0.4279149,1.532256,-0.1282562,331.461,250.9317,114.3374,LeftController
2/24/2017 3:57:34 PM:938,-0.4278224,1.53229,-0.1281748,331.4035,250.9614,114.356,LeftController
2/24/2017 3:57:34 PM:984,-0.4279027,1.532076,-0.1283504,331.4648,250.8341,114.3666,LeftController
2/24/2017 3:57:35 PM:28,-0.4276786,1.532233,-0.1282529,331.6146,250.7956,114.2539,LeftController
2/24/2017 3:57:35 PM:72,-0.4277332,1.532159,-0.1281664,331.6628,250.7407,114.3446,LeftController
2/24/2017 3:57:35 PM:117,-0.4283836,1.53232,-0.1281905,331.7912,250.6903,114.3125,LeftController
2/24/2017 3:57:35 PM:161,-0.4287989,1.531964,-0.1283691,332.1162,250.7631,114.4574,LeftController
2/24/2017 3:57:35 PM:206,-0.4293578,1.53091,-0.1284015,332.897,250.8775,114.5432,LeftController
2/24/2017 3:57:35 PM:273,-0.4317839,1.528972,-0.1278933,334.7372,251.502,115.4776,LeftController
2/24/2017 3:57:35 PM:318,-0.4334657,1.527344,-0.1285764,335.9409,251.3802,115.6863,LeftController
2/24/2017 3:57:35 PM:362,-0.4353368,1.525639,-0.1281891,337.0824,251.5536,115.8326,LeftController
2/24/2017 3:57:35 PM:407,-0.4375303,1.525183,-0.1274472,337.3681,251.8631,115.6264,LeftController
2/24/2017 3:57:35 PM:453,-0.4383183,1.525169,-0.1270357,337.3947,251.7023,115.445,LeftController
2/24/2017 3:57:35 PM:497,-0.4381778,1.524537,-0.1267399,337.7089,251.3469,114.9422,LeftController
2/24/2017 3:57:35 PM:541,-0.4382141,1.524014,-0.1264586,337.864,251.2634,114.451,LeftController
2/24/2017 3:57:35 PM:587,-0.4375765,1.52414,-0.1261066,337.3512,251.133,114.6718,LeftController
2/24/2017 3:57:35 PM:631,-0.4364552,1.524508,-0.1260905,337.6384,250.7752,114.1027,LeftController
2/24/2017 3:57:35 PM:675,-0.435607,1.52469,-0.1261237,337.3158,250.4984,114.3627,LeftController
2/24/2017 3:57:35 PM:720,-0.4345217,1.525223,-0.1244636,337.5562,251.1658,114.4354,LeftController
2/24/2017 3:57:35 PM:766,-0.4310312,1.528368,-0.1247371,336.7444,249.8156,114.2015,LeftController
2/24/2017 3:57:35 PM:809,-0.4302645,1.529486,-0.124788,336.3364,250.0804,114.8253,LeftController
2/24/2017 3:57:35 PM:854,-0.4280915,1.52791,-0.1250173,337.2567,249.7896,114.8036,LeftController
2/24/2017 3:57:35 PM:899,-0.425777,1.528883,-0.1245594,336.8737,250.0337,114.2864,LeftController
2/24/2017 3:57:35 PM:943,-0.4242046,1.529306,-0.1237782,336.4215,250.4283,115.3981,LeftController
2/24/2017 3:57:36 PM:11,-0.4216607,1.528288,-0.1251495,336.9734,250.3326,114.7206,LeftController
2/24/2017 3:57:36 PM:68,-0.4194462,1.528496,-0.1245357,337.2762,250.6315,114.3826,LeftController
2/24/2017 3:57:36 PM:111,-0.4181266,1.52865,-0.1249355,337.3267,250.9593,114.8418,LeftController
2/24/2017 3:57:36 PM:155,-0.4166927,1.530263,-0.1247648,336.9979,251.0969,114.9402,LeftController
2/24/2017 3:57:36 PM:200,-0.41664,1.530595,-0.1246665,337.2216,251.0888,115.3071,LeftController
2/24/2017 3:57:36 PM:257,-0.416559,1.532298,-0.1250489,336.7827,250.7726,115.6481,LeftController
2/24/2017 3:57:36 PM:324,-0.4167664,1.533341,-0.1263756,336.4866,249.9879,115.7057,LeftController
2/24/2017 3:57:36 PM:379,-0.4179068,1.533652,-0.1267645,336.4451,249.7156,116.3618,LeftController
2/24/2017 3:57:36 PM:423,-0.418247,1.533319,-0.1279249,336.6803,249.416,115.954,LeftController
2/24/2017 3:57:36 PM:468,-0.4208136,1.531459,-0.1294045,337.7824,249.5728,115.4193,LeftController
2/24/2017 3:57:36 PM:513,-0.4247587,1.529579,-0.1308657,338.8249,250.0612,115.2719,LeftController
2/24/2017 3:57:36 PM:558,-0.4285071,1.526857,-0.132364,340.6713,250.4242,114.8517,LeftController
2/24/2017 3:57:36 PM:603,-0.4309812,1.525045,-0.1332119,342.3067,250.6675,114.0949,LeftController
2/24/2017 3:57:36 PM:647,-0.4327304,1.525505,-0.1331607,342.5201,250.8245,114.6526,LeftController
2/24/2017 3:57:36 PM:692,-0.4317634,1.526605,-0.1340793,342.7176,249.939,113.6683,LeftController
2/24/2017 3:57:36 PM:736,-0.4314916,1.528444,-0.1348151,341.8906,249.1103,113.5081,LeftController
2/24/2017 3:57:36 PM:781,-0.4324367,1.529771,-0.1323113,340.3505,247.3389,116.2486,LeftController
2/24/2017 3:57:36 PM:825,-0.435843,1.531696,-0.1196555,338.3322,247.6543,113.836,LeftController
2/24/2017 3:57:36 PM:870,-0.4400315,1.529333,-0.09497213,335.821,251.147,107.6986,LeftController
2/24/2017 3:57:36 PM:914,-0.4418342,1.524601,-0.061584,331.8726,256.3948,100.1232,LeftController
2/24/2017 3:57:36 PM:959,-0.436713,1.5162,-0.01991189,325.4739,264.403,89.08897,LeftController
2/24/2017 3:57:37 PM:4,-0.4203403,1.498696,0.03032279,317.9591,278.4328,73.814,LeftController
2/24/2017 3:57:37 PM:48,-0.3869219,1.463857,0.08567655,312.5062,302.0255,49.25867,LeftController
2/24/2017 3:57:37 PM:92,-0.3359373,1.408204,0.129505,310.2615,330.7682,19.22924,LeftController
2/24/2017 3:57:37 PM:137,-0.280493,1.329446,0.153594,313.9378,0.7657281,345.718,LeftController
2/24/2017 3:57:37 PM:183,-0.2381151,1.232022,0.1515757,325.8369,22.62032,323.6781,LeftController
2/24/2017 3:57:37 PM:227,-0.2223461,1.137056,0.1318958,342.2917,32.09547,320.038,LeftController
2/24/2017 3:57:37 PM:283,-0.2269137,1.06223,0.09932411,356.3681,35.66656,321.7311,LeftController
2/24/2017 3:57:37 PM:329,-0.2253132,1.031557,0.07234466,4.135094,40.90007,319.0154,LeftController
2/24/2017 3:57:37 PM:383,-0.2167633,1.030966,0.05099702,6.871737,47.07875,317.948,LeftController
2/24/2017 3:57:37 PM:428,-0.2086997,1.051512,0.04878545,1.637411,48.58204,317.9116,LeftController
2/24/2017 3:57:37 PM:473,-0.1999629,1.072986,0.05203485,355.1154,49.93273,313.4248,LeftController
2/24/2017 3:57:37 PM:540,-0.1804652,1.113806,0.06267166,346.4164,51.80998,309.4509,LeftController
2/24/2017 3:57:37 PM:595,-0.1724494,1.133307,0.0706228,344.503,51.95903,311.0153,LeftController
2/24/2017 3:57:37 PM:642,-0.1682773,1.150519,0.07705998,342.2841,51.7107,311.3196,LeftController
2/24/2017 3:57:37 PM:684,-0.1681406,1.163765,0.08124936,339.7213,50.73808,310.5624,LeftController
2/24/2017 3:57:37 PM:729,-0.1697795,1.169391,0.08293819,338.3026,50.2761,309.8466,LeftController
2/24/2017 3:57:37 PM:774,-0.1712651,1.165892,0.08272421,338.5349,50.22753,308.2842,LeftController
2/24/2017 3:57:37 PM:820,-0.1708817,1.152603,0.08068085,340.5858,50.72664,305.8093,LeftController
2/24/2017 3:57:37 PM:863,-0.1721776,1.135287,0.07840121,343.8859,51.20071,304.4408,LeftController
2/24/2017 3:57:37 PM:908,-0.1745331,1.115581,0.07740617,349.3978,50.93184,302.6478,LeftController
2/24/2017 3:57:37 PM:953,-0.1777589,1.097005,0.07635343,355.3413,51.08345,302.4134,LeftController
2/24/2017 3:57:38 PM:9,-0.1854966,1.087783,0.07831371,356.9776,50.12616,304.757,LeftController
2/24/2017 3:57:38 PM:65,-0.1921942,1.087533,0.08372295,356.4346,48.76336,302.0253,LeftController
2/24/2017 3:57:38 PM:134,-0.1981196,1.094079,0.0955143,354.7806,46.52183,300.0704,LeftController
2/24/2017 3:57:38 PM:176,-0.1996088,1.099426,0.1018457,354.4142,45.20369,301.01,LeftController
2/24/2017 3:57:38 PM:221,-0.2132106,1.097492,0.1104915,353.221,43.88536,301.5944,LeftController
2/24/2017 3:57:38 PM:266,-0.2131114,1.104221,0.1156045,351.6768,43.15905,300.8589,LeftController
2/24/2017 3:57:38 PM:310,-0.2117538,1.110062,0.1185812,350.3377,42.78572,300.1141,LeftController
2/24/2017 3:57:38 PM:377,-0.2078993,1.115987,0.1188202,349.1372,42.69091,299.6395,LeftController
2/24/2017 3:57:38 PM:435,-0.2054248,1.116032,0.115981,349.0355,42.7657,300.7288,LeftController
2/24/2017 3:57:38 PM:477,-0.2015553,1.11288,0.1115135,350.0084,43.59117,301.3534,LeftController
2/24/2017 3:57:38 PM:522,-0.198245,1.107635,0.1062912,351.4052,44.07153,301.4648,LeftController
2/24/2017 3:57:38 PM:567,-0.1934729,1.099486,0.1005324,354.3846,45.2831,300.7534,LeftController
2/24/2017 3:57:38 PM:613,-0.1872499,1.088339,0.09099126,358.6599,48.05051,298.7608,LeftController
2/24/2017 3:57:38 PM:657,-0.1809654,1.081201,0.07980227,0.6399491,51.58126,298.6606,LeftController
2/24/2017 3:57:38 PM:701,-0.1770842,1.077845,0.06959045,0.8795341,54.01252,297.2174,LeftController
2/24/2017 3:57:38 PM:746,-0.1731904,1.076718,0.06061828,0.4282824,56.16374,294.8808,LeftController
2/24/2017 3:57:38 PM:791,-0.1692457,1.076453,0.05259633,359.8346,58.26527,292.0648,LeftController
2/24/2017 3:57:38 PM:842,-0.1649668,1.076829,0.04634953,359.5521,59.9995,289.8979,LeftController
2/24/2017 3:57:38 PM:881,-0.1617141,1.077803,0.04171121,359.2694,61.22391,288.8177,LeftController
2/24/2017 3:57:38 PM:938,-0.157418,1.080579,0.03756166,358.6977,62.83561,288.0705,LeftController
2/24/2017 3:57:38 PM:981,-0.1543736,1.083217,0.0360508,358.1201,63.59418,287.4286,LeftController
2/24/2017 3:57:39 PM:26,-0.1520131,1.085499,0.03614724,357.7287,63.84976,286.7997,LeftController
2/24/2017 3:57:39 PM:72,-0.1503172,1.087808,0.03715241,357.2476,63.82522,286.7502,LeftController
2/24/2017 3:57:39 PM:138,-0.1485498,1.090334,0.04005253,356.7611,63.63515,286.1805,LeftController
2/24/2017 3:57:39 PM:182,-0.1485155,1.091841,0.04168892,356.3037,63.24139,286.9793,LeftController
2/24/2017 3:57:39 PM:228,-0.1487541,1.093722,0.04423666,355.8135,62.58104,288.0372,LeftController
2/24/2017 3:57:39 PM:295,-0.1503351,1.097253,0.04818869,354.8774,61.74277,289.894,LeftController
2/24/2017 3:57:39 PM:350,-0.153769,1.099146,0.05075014,354.7228,60.92683,294.8417,LeftController
2/24/2017 3:57:39 PM:396,-0.1570802,1.102459,0.0549233,354.8832,59.54473,304.177,LeftController
2/24/2017 3:57:39 PM:440,-0.160228,1.103984,0.05942106,356.3396,58.1016,312.9497,LeftController
2/24/2017 3:57:39 PM:484,-0.1668651,1.102617,0.06766689,359.2019,55.13239,328.8449,LeftController
2/24/2017 3:57:39 PM:529,-0.1714752,1.098529,0.07639086,4.323305,51.93132,342.8558,LeftController
2/24/2017 3:57:39 PM:574,-0.1736412,1.09078,0.0818907,9.282497,49.81023,348.3106,LeftController
2/24/2017 3:57:39 PM:630,-0.1751873,1.082777,0.08464801,13.90172,50.25181,358.0648,LeftController
2/24/2017 3:57:39 PM:685,-0.1739893,1.077265,0.08201563,16.13243,54.21185,7.921673,LeftController
2/24/2017 3:57:39 PM:731,-0.1729624,1.075078,0.08101308,16.77175,54.84407,12.26262,LeftController
2/24/2017 3:57:39 PM:774,-0.1712463,1.072856,0.07956648,16.93067,53.93134,9.639349,LeftController
2/24/2017 3:57:39 PM:819,-0.1695247,1.069524,0.07544065,16.35191,52.04693,1.883138,LeftController
2/24/2017 3:57:39 PM:863,-0.1662104,1.066566,0.06919217,14.06775,51.59631,353.1708,LeftController
2/24/2017 3:57:39 PM:908,-0.1631494,1.063537,0.06132805,12.47881,52.43602,347.5065,LeftController
2/24/2017 3:57:39 PM:954,-0.1609018,1.065103,0.05211473,8.539017,54.09902,343.7955,LeftController
2/24/2017 3:57:39 PM:998,-0.1576681,1.064846,0.03988981,4.150815,57.66768,335.27,LeftController
2/24/2017 3:57:40 PM:44,-0.1573064,1.059835,0.02806151,2.931109,60.86707,327.4628,LeftController
2/24/2017 3:57:40 PM:88,-0.1555862,1.054266,0.01867652,2.935357,64.65738,325.2608,LeftController
2/24/2017 3:57:40 PM:132,-0.1568408,1.054269,0.01307023,1.001493,65.35625,331.1698,LeftController
2/24/2017 3:57:40 PM:177,-0.1556525,1.053407,0.008436084,1.035695,66.8866,330.4762,LeftController
2/24/2017 3:57:40 PM:222,-0.1532314,1.049998,0.00574398,2.894423,67.12839,330.2901,LeftController
2/24/2017 3:57:40 PM:266,-0.1506908,1.043983,0.004776716,6.588091,67.41188,332.0101,LeftController
2/24/2017 3:57:40 PM:311,-0.1452322,1.041668,0.004081964,8.163309,70.28387,342.8286,LeftController
2/24/2017 3:57:40 PM:356,-0.141115,1.04144,0.002353072,9.617988,74.66459,352.7216,LeftController
2/24/2017 3:57:40 PM:400,-0.137094,1.041377,0.006341338,10.05736,76.14488,4.983419,LeftController
2/24/2017 3:57:40 PM:445,-0.1371906,1.040662,0.01455331,9.031992,74.35935,15.95656,LeftController
2/24/2017 3:57:40 PM:489,-0.1389303,1.043832,0.01961017,7.248173,71.95274,14.62973,LeftController
2/24/2017 3:57:40 PM:534,-0.1409805,1.045405,0.02524996,4.763226,70.12229,11.87432,LeftController
2/24/2017 3:57:40 PM:579,-0.145654,1.045466,0.02949309,3.428783,67.62986,9.255767,LeftController
2/24/2017 3:57:40 PM:624,-0.1487718,1.043086,0.0336616,4.255105,66.75311,6.471132,LeftController
2/24/2017 3:57:40 PM:669,-0.1504409,1.038232,0.03690112,5.928888,67.38364,6.307599,LeftController
2/24/2017 3:57:40 PM:713,-0.1534185,1.034449,0.039922,6.556675,67.39924,9.218897,LeftController
2/24/2017 3:57:40 PM:780,-0.1585348,1.029761,0.046296,7.153112,66.18194,10.06916,LeftController
2/24/2017 3:57:40 PM:837,-0.1607816,1.027903,0.0496769,7.600282,65.54822,10.85023,LeftController
2/24/2017 3:57:40 PM:881,-0.1644609,1.028339,0.05314815,6.473483,64.54234,11.97135,LeftController
2/24/2017 3:57:40 PM:925,-0.1667271,1.029856,0.05700791,5.952816,63.46239,12.48257,LeftController
2/24/2017 3:57:40 PM:971,-0.168699,1.029549,0.06074238,5.905388,62.54776,12.79048,LeftController
2/24/2017 3:57:41 PM:25,-0.1705594,1.02855,0.06708753,6.437766,60.96471,13.26414,LeftController
2/24/2017 3:57:41 PM:70,-0.1721964,1.028599,0.07135713,6.093375,60.36364,12.75615,LeftController
2/24/2017 3:57:41 PM:127,-0.1727118,1.032534,0.07474363,4.828921,60.33972,12.61001,LeftController
2/24/2017 3:57:41 PM:193,-0.1727116,1.03801,0.07401717,2.4316,61.83381,8.357852,LeftController
2/24/2017 3:57:41 PM:249,-0.1707151,1.039853,0.07283306,1.702211,62.62344,5.641819,LeftController
2/24/2017 3:57:41 PM:294,-0.1686788,1.039234,0.07166553,2.169707,63.03983,3.351207,LeftController
2/24/2017 3:57:41 PM:338,-0.1676784,1.038528,0.07035899,2.264052,63.21275,3.463751,LeftController
2/24/2017 3:57:41 PM:382,-0.166029,1.037884,0.06840849,2.59147,63.34665,3.794974,LeftController
2/24/2017 3:57:41 PM:427,-0.1650286,1.035527,0.06618583,3.239181,63.47911,3.543772,LeftController
2/24/2017 3:57:41 PM:472,-0.1606448,1.036121,0.06327415,3.717059,63.7417,3.246453,LeftController
2/24/2017 3:57:41 PM:516,-0.1550004,1.037174,0.05990541,4.390155,63.87706,2.269946,LeftController
2/24/2017 3:57:41 PM:561,-0.1529605,1.035434,0.05836582,5.395324,63.54778,1.050049,LeftController
2/24/2017 3:57:41 PM:606,-0.1510828,1.035391,0.05758655,5.750552,62.969,0.4533647,LeftController
2/24/2017 3:57:41 PM:650,-0.1503692,1.035761,0.05684471,5.962671,62.82028,0.5720523,LeftController
2/24/2017 3:57:41 PM:694,-0.1493826,1.036373,0.05604005,5.984771,62.92936,0.5234066,LeftController
2/24/2017 3:57:41 PM:740,-0.148931,1.037474,0.05579495,5.777871,62.9721,0.5149358,LeftController
2/24/2017 3:57:41 PM:784,-0.1486082,1.038751,0.05663598,5.799143,62.79546,0.5717002,LeftController
2/24/2017 3:57:41 PM:828,-0.1485164,1.03944,0.05750823,5.739942,62.58978,0.3539867,LeftController
2/24/2017 3:57:41 PM:872,-0.1483157,1.039881,0.05873132,5.705509,62.3076,0.4973499,LeftController
2/24/2017 3:57:41 PM:917,-0.1486979,1.039801,0.05970705,5.78585,62.01659,0.3703807,LeftController
2/24/2017 3:57:41 PM:962,-0.1489222,1.039669,0.06041944,5.883214,61.69502,0.4900917,LeftController
2/24/2017 3:57:42 PM:6,-0.1489632,1.039556,0.06027842,5.910152,61.6443,0.4245743,LeftController
2/24/2017 3:57:42 PM:51,-0.1489062,1.039351,0.05990601,6.094055,61.59584,0.5170828,LeftController
2/24/2017 3:57:42 PM:96,-0.1487515,1.039194,0.05906701,6.063806,61.63662,0.5647215,LeftController
2/24/2017 3:57:42 PM:163,-0.1489072,1.038894,0.05753481,6.12084,61.84724,0.7194026,LeftController
2/24/2017 3:57:42 PM:220,-0.1496878,1.038949,0.05752885,6.1122,61.76193,0.8422831,LeftController
2/24/2017 3:57:42 PM:263,-0.1502693,1.038753,0.0573833,6.147073,61.67164,0.7760651,LeftController
2/24/2017 3:57:42 PM:307,-0.1511109,1.038759,0.0574255,6.031279,61.60941,0.810625,LeftController
2/24/2017 3:57:42 PM:352,-0.1518126,1.038986,0.05790508,5.944439,61.55847,0.8862908,LeftController
2/24/2017 3:57:42 PM:398,-0.1526644,1.038991,0.05861413,5.89879,61.46476,0.9191667,LeftController
2/24/2017 3:57:42 PM:448,-0.1537042,1.038446,0.05917752,5.930973,61.30892,0.7199272,LeftController
2/24/2017 3:57:42 PM:498,-0.1546798,1.037916,0.06021297,6.004099,61.07819,0.7713915,LeftController
2/24/2017 3:57:42 PM:544,-0.1551106,1.037462,0.06058705,6.003166,60.97726,0.588365,LeftController
2/24/2017 3:57:42 PM:587,-0.1555536,1.037007,0.06044221,6.037835,60.95726,0.3636142,LeftController
2/24/2017 3:57:42 PM:632,-0.155724,1.036541,0.06029367,6.142064,60.95222,0.4619451,LeftController
2/24/2017 3:57:42 PM:676,-0.1555889,1.036387,0.05973029,6.058552,61.03355,0.3861034,LeftController
2/24/2017 3:57:42 PM:722,-0.1561043,1.03651,0.05930412,6.127626,61.09095,0.7517849,LeftController
2/24/2017 3:57:42 PM:766,-0.1559007,1.036394,0.05880654,6.093688,61.22342,0.6500898,LeftController
2/24/2017 3:57:42 PM:811,-0.1558063,1.036373,0.05872977,6.109236,61.17662,0.6889219,LeftController
2/24/2017 3:57:42 PM:855,-0.1563971,1.036711,0.05888188,6.078982,61.1415,0.7243958,LeftController
2/24/2017 3:57:42 PM:900,-0.1567171,1.037101,0.05903637,5.974998,61.13835,0.7067277,LeftController
2/24/2017 3:57:42 PM:945,-0.1570203,1.037144,0.0591749,5.962542,61.0909,0.7523704,LeftController
2/24/2017 3:57:42 PM:989,-0.1575255,1.037153,0.05934715,5.913199,61.10374,0.6510372,LeftController
2/24/2017 3:57:43 PM:35,-0.1578543,1.036304,0.059448,6.118846,61.04304,0.5909078,LeftController
2/24/2017 3:57:43 PM:80,-0.1577735,1.035541,0.05958772,6.329762,61.02517,0.54921,LeftController
2/24/2017 3:57:43 PM:124,-0.1580169,1.034684,0.05958414,6.441693,61.10494,0.4246015,LeftController
2/24/2017 3:57:43 PM:169,-0.1581299,1.032843,0.05950713,6.865983,61.0446,0.5139313,LeftController
2/24/2017 3:57:43 PM:213,-0.1578777,1.03122,0.05946624,7.156391,61.0351,0.2934493,LeftController
2/24/2017 3:57:43 PM:258,-0.1576138,1.029859,0.05931032,7.404127,61.0726,0.349568,LeftController
2/24/2017 3:57:43 PM:303,-0.1567805,1.028705,0.05867398,7.604684,61.22262,0.2183588,LeftController
2/24/2017 3:57:43 PM:348,-0.1555789,1.028195,0.05781043,7.802861,61.32563,0.2980124,LeftController
2/24/2017 3:57:43 PM:392,-0.1545398,1.029408,0.05681086,7.534288,61.5001,0.4814102,LeftController
2/24/2017 3:57:43 PM:437,-0.1531386,1.032235,0.05602062,6.804666,61.59125,0.5548123,LeftController
2/24/2017 3:57:43 PM:482,-0.1527441,1.037001,0.0561403,5.653508,61.19403,0.6063293,LeftController
2/24/2017 3:57:43 PM:526,-0.1526508,1.042517,0.05640388,4.074568,60.62688,359.413,LeftController
2/24/2017 3:57:43 PM:571,-0.1529582,1.048387,0.05573094,1.675079,60.44416,355.5343,LeftController
2/24/2017 3:57:43 PM:616,-0.1533444,1.05444,0.05338538,358.801,60.82383,349.7349,LeftController
2/24/2017 3:57:43 PM:661,-0.1534836,1.059461,0.05227733,357.2404,60.99673,346.1987,LeftController
2/24/2017 3:57:43 PM:705,-0.155935,1.061262,0.05177772,356.5942,59.91,339.5925,LeftController
2/24/2017 3:57:43 PM:749,-0.1565781,1.062858,0.05489504,356.5709,57.94685,338.4204,LeftController
2/24/2017 3:57:43 PM:795,-0.1568911,1.061641,0.05664384,357.176,58.22501,341.4828,LeftController
2/24/2017 3:57:43 PM:840,-0.1566095,1.058581,0.05706024,358.4053,58.50961,342.6777,LeftController
2/24/2017 3:57:43 PM:885,-0.1567645,1.056145,0.05776656,359.218,58.15485,343.6016,LeftController
2/24/2017 3:57:43 PM:929,-0.1571767,1.054317,0.05800498,359.8501,57.8663,344.5357,LeftController
2/24/2017 3:57:43 PM:976,-0.157022,1.052506,0.0568738,0.3491516,58.04488,345.1504,LeftController
2/24/2017 3:57:44 PM:19,-0.1563365,1.05117,0.05502343,0.6440616,58.41652,345.5638,LeftController
2/24/2017 3:57:44 PM:64,-0.1556313,1.049991,0.0526576,0.9409807,58.82895,345.9708,LeftController
2/24/2017 3:57:44 PM:109,-0.1546922,1.049026,0.05023277,1.269903,59.26262,346.4291,LeftController
2/24/2017 3:57:44 PM:153,-0.1536212,1.048315,0.04817069,1.401618,59.67125,346.6503,LeftController
2/24/2017 3:57:44 PM:198,-0.1525073,1.047235,0.04659903,1.639755,60.05549,346.5848,LeftController
2/24/2017 3:57:44 PM:242,-0.1517906,1.045844,0.04544353,2.062673,60.34933,346.8018,LeftController
2/24/2017 3:57:44 PM:299,-0.1502435,1.045041,0.04414809,2.344644,60.86428,346.75,LeftController
2/24/2017 3:57:44 PM:366,-0.1487126,1.046271,0.04317987,2.221049,61.40331,346.6006,LeftController
2/24/2017 3:57:44 PM:421,-0.1480343,1.047824,0.04319608,1.869427,61.56186,346.6021,LeftController
2/24/2017 3:57:44 PM:466,-0.1472678,1.048618,0.04352057,1.737109,61.48633,346.4301,LeftController
2/24/2017 3:57:44 PM:510,-0.1469526,1.048803,0.04305267,1.629008,61.52141,346.5065,LeftController
2/24/2017 3:57:44 PM:555,-0.1458414,1.048854,0.04240584,1.58701,61.66,346.5297,LeftController
2/24/2017 3:57:44 PM:601,-0.1453109,1.048595,0.04178178,1.602018,61.68528,346.7022,LeftController
2/24/2017 3:57:44 PM:645,-0.1452055,1.047828,0.04058778,1.662566,61.76342,346.9587,LeftController
2/24/2017 3:57:44 PM:700,-0.1450865,1.046814,0.03894901,1.753283,62.11031,347.2267,LeftController
2/24/2017 3:57:44 PM:746,-0.1454551,1.045129,0.03787732,1.961763,62.32789,347.3024,LeftController
2/24/2017 3:57:44 PM:790,-0.1458211,1.04332,0.03771901,2.308782,62.37223,347.5489,LeftController
2/24/2017 3:57:44 PM:835,-0.1470747,1.042165,0.03811717,2.558982,62.29748,347.6209,LeftController
2/24/2017 3:57:44 PM:879,-0.1481838,1.04142,0.03930855,2.690147,62.17102,347.7642,LeftController
2/24/2017 3:57:44 PM:924,-0.1497545,1.041221,0.04082203,2.651543,61.99119,347.6619,LeftController
2/24/2017 3:57:44 PM:968,-0.1510088,1.040761,0.04290092,2.755114,61.71724,347.6491,LeftController
2/24/2017 3:57:45 PM:14,-0.1528575,1.040534,0.04556835,2.7887,61.29792,347.6192,LeftController
2/24/2017 3:57:45 PM:59,-0.1539505,1.04051,0.04834914,2.835474,60.88543,347.4932,LeftController
2/24/2017 3:57:45 PM:103,-0.1551576,1.040563,0.05099535,2.868216,60.55699,347.4592,LeftController
2/24/2017 3:57:45 PM:147,-0.1558702,1.040585,0.05333853,2.918896,60.26763,347.3628,LeftController
2/24/2017 3:57:45 PM:192,-0.1565757,1.040737,0.05530357,2.949461,60.03084,347.3828,LeftController
2/24/2017 3:57:45 PM:239,-0.1566172,1.040739,0.05672073,2.882604,59.95306,347.3983,LeftController
2/24/2017 3:57:45 PM:304,-0.1562512,1.040266,0.05859196,3.210209,59.6448,347.5168,LeftController
2/24/2017 3:57:45 PM:361,-0.1552548,1.04013,0.05771053,3.167597,60.06688,347.49,LeftController
2/24/2017 3:57:45 PM:404,-0.1540837,1.039907,0.05747616,3.204777,60.2587,347.4273,LeftController
2/24/2017 3:57:45 PM:448,-0.152714,1.039061,0.05654037,3.453448,60.45033,347.4078,LeftController
2/24/2017 3:57:45 PM:493,-0.1509066,1.038882,0.05526996,3.578868,60.8657,347.4895,LeftController
2/24/2017 3:57:45 PM:539,-0.148993,1.039398,0.05395675,3.495447,61.32452,347.5444,LeftController
2/24/2017 3:57:45 PM:583,-0.1469116,1.040229,0.05271184,3.375054,61.63318,347.6087,LeftController
2/24/2017 3:57:45 PM:627,-0.1447613,1.040921,0.05160785,3.272491,61.93159,347.7287,LeftController
2/24/2017 3:57:45 PM:672,-0.142597,1.041027,0.05060434,3.248181,62.21934,347.7141,LeftController
2/24/2017 3:57:45 PM:717,-0.1401887,1.040869,0.04936647,3.302221,62.57265,347.8561,LeftController
2/24/2017 3:57:45 PM:762,-0.1378739,1.040667,0.04778981,3.334341,63.06993,347.7971,LeftController
2/24/2017 3:57:45 PM:806,-0.1358242,1.040354,0.04679835,3.516264,63.24483,348.0059,LeftController
2/24/2017 3:57:45 PM:852,-0.1344934,1.039967,0.04684305,3.911892,63.08148,348.8383,LeftController
2/24/2017 3:57:45 PM:895,-0.1340008,1.040283,0.04822564,4.035626,62.24655,350.2519,LeftController
2/24/2017 3:57:45 PM:940,-0.1343489,1.039895,0.0481472,3.863894,61.69988,350.4221,LeftController
2/24/2017 3:57:45 PM:987,-0.2588856,1.030624,0.06686735,358.8932,63.25657,355.5563,LeftController
2/24/2017 3:57:46 PM:52,-0.2974629,0.9130417,0.06570923,5.185917,62.82105,0.5557232,LeftController
2/24/2017 3:57:46 PM:108,-0.2681322,0.9208519,0.06646204,11.82865,62.55611,11.17785,LeftController
2/24/2017 3:57:46 PM:154,-0.2633657,0.9181966,0.0666759,16.8861,63.01464,18.70782,LeftController
2/24/2017 3:57:46 PM:197,-0.269346,0.9099796,0.06707394,19.1509,63.1689,23.64367,LeftController
2/24/2017 3:57:46 PM:242,-0.2717831,0.9063846,0.06740272,20.30965,63.13968,24.28526,LeftController
2/24/2017 3:57:46 PM:286,-0.2685897,0.908249,0.06732738,20.35467,62.36524,22.33279,LeftController
2/24/2017 3:57:46 PM:332,-0.2699773,0.9082694,0.06814504,19.92248,61.57038,20.51802,LeftController
2/24/2017 3:57:46 PM:376,-0.2677448,0.9110781,0.06668937,18.71286,61.63683,16.01056,LeftController
2/24/2017 3:57:46 PM:421,-0.2585011,0.9224586,0.06483984,15.72108,61.22351,10.52328,LeftController
2/24/2017 3:57:46 PM:466,-0.2548423,0.9321253,0.06301677,11.47714,61.05361,2.580491,LeftController
2/24/2017 3:57:46 PM:510,-0.2474327,0.9469817,0.06095445,6.600414,61.3392,354.9383,LeftController
2/24/2017 3:57:46 PM:555,-0.2308314,0.9664645,0.05862486,3.817889,62.03608,352.3995,LeftController
2/24/2017 3:57:46 PM:600,-0.2194805,0.9814179,0.05799282,2.907182,62.28592,353.7946,LeftController
2/24/2017 3:57:46 PM:645,-0.2044895,0.998731,0.05781627,1.704148,62.30322,353.6128,LeftController
2/24/2017 3:57:46 PM:689,-0.1913157,1.017165,0.05775273,359.5424,62.51297,351.4477,LeftController
2/24/2017 3:57:46 PM:733,-0.1844268,1.031644,0.05961144,358.0104,62.64669,350.8158,LeftController
2/24/2017 3:57:46 PM:778,-0.1757548,1.04757,0.06138277,356.3777,62.6472,349.8383,LeftController
2/24/2017 3:57:46 PM:823,-0.16833,1.063655,0.0636934,354.244,62.43209,347.5667,LeftController
2/24/2017 3:57:46 PM:867,-0.1642683,1.077628,0.06498551,351.5724,62.6298,344.0919,LeftController
2/24/2017 3:57:46 PM:912,-0.1580894,1.09153,0.0659467,349.7444,62.73595,342.199,LeftController
2/24/2017 3:57:46 PM:958,-0.1543219,1.100813,0.06667852,348.6132,62.89415,340.9843,LeftController
2/24/2017 3:57:47 PM:2,-0.1518829,1.107788,0.06763458,347.816,62.97753,340.3833,LeftController
2/24/2017 3:57:47 PM:46,-0.1489339,1.113693,0.06805396,347.26,62.96005,339.976,LeftController
2/24/2017 3:57:47 PM:91,-0.1473238,1.116825,0.06836033,347.1066,62.91739,339.879,LeftController
2/24/2017 3:57:47 PM:136,-0.1459768,1.118328,0.06871474,347.2224,62.74324,340.2509,LeftController
2/24/2017 3:57:47 PM:181,-0.1453238,1.118041,0.06904507,347.4283,62.66593,340.6176,LeftController
2/24/2017 3:57:47 PM:225,-0.1436064,1.117337,0.069417,348.2606,62.2607,342.4709,LeftController
2/24/2017 3:57:47 PM:270,-0.1420355,1.115286,0.07039285,349.6703,61.76766,346.0877,LeftController
2/24/2017 3:57:47 PM:314,-0.1419842,1.11088,0.07319188,352.6125,60.88083,354.1745,LeftController
2/24/2017 3:57:47 PM:359,-0.1417608,1.105201,0.07585347,355.9651,60.25415,1.110778,LeftController
2/24/2017 3:57:47 PM:403,-0.1417809,1.101184,0.07667887,357.24,60.05298,2.462421,LeftController
2/24/2017 3:57:47 PM:449,-0.1421018,1.09926,0.0759275,357.2405,60.15261,0.9492536,LeftController
2/24/2017 3:57:47 PM:493,-0.1415243,1.097767,0.07519436,357.8987,60.18457,1.757252,LeftController
2/24/2017 3:57:47 PM:537,-0.1413195,1.096626,0.07440901,358.4444,60.28996,2.726564,LeftController
2/24/2017 3:57:47 PM:582,-0.1414039,1.096371,0.07310128,358.1667,60.47155,1.868114,LeftController
2/24/2017 3:57:47 PM:627,-0.1412454,1.09647,0.07293713,358.2441,60.44423,2.414359,LeftController
2/24/2017 3:57:47 PM:671,-0.1410809,1.095875,0.0728507,358.4302,60.47431,2.383522,LeftController
2/24/2017 3:57:47 PM:716,-0.1414242,1.094886,0.07263029,358.4316,60.49037,1.938083,LeftController
2/24/2017 3:57:47 PM:761,-0.1410241,1.094062,0.07256424,358.5429,60.52492,1.868362,LeftController
2/24/2017 3:57:47 PM:806,-0.1404176,1.093161,0.07262039,358.7182,60.58618,1.664996,LeftController
2/24/2017 3:57:47 PM:850,-0.1400893,1.091836,0.0719223,358.6984,60.73865,1.010056,LeftController
2/24/2017 3:57:47 PM:895,-0.1384838,1.090779,0.07095087,358.8516,60.95783,0.7632321,LeftController
2/24/2017 3:57:47 PM:940,-0.1366632,1.089774,0.06914365,359.1106,61.3937,0.9534757,LeftController
2/24/2017 3:57:47 PM:985,-0.1343372,1.0888,0.06631947,359.2112,62.15924,0.7233995,LeftController
2/24/2017 3:57:48 PM:29,-0.1305277,1.088002,0.06231129,359.3577,63.06514,0.4928673,LeftController
2/24/2017 3:57:48 PM:97,-0.121928,1.08614,0.05254698,359.7684,65.47026,0.4087294,LeftController
2/24/2017 3:57:48 PM:152,-0.1164668,1.085479,0.04483497,359.8521,67.27228,0.4690288,LeftController
2/24/2017 3:57:48 PM:197,-0.1094911,1.084749,0.036659,359.924,69.18116,0.4842646,LeftController
2/24/2017 3:57:48 PM:253,-0.1014111,1.084126,0.02578199,359.9016,71.6612,0.49625,LeftController
2/24/2017 3:57:48 PM:297,-0.09443569,1.084825,0.01717591,359.7942,73.47181,0.6578411,LeftController
2/24/2017 3:57:48 PM:342,-0.08822322,1.085118,0.008245349,359.6221,75.26257,0.5832031,LeftController
2/24/2017 3:57:48 PM:386,-0.08168149,1.085549,-0.001280427,359.5889,77.13868,0.526789,LeftController
2/24/2017 3:57:48 PM:442,-0.07447267,1.085845,-0.01353002,359.2941,79.40401,0.6608366,LeftController
2/24/2017 3:57:48 PM:497,-0.06703496,1.085378,-0.02635586,359.3756,81.73838,0.4139821,LeftController
2/24/2017 3:57:48 PM:542,-0.0626874,1.084446,-0.03604007,359.4843,83.46445,0.5929863,LeftController
2/24/2017 3:57:48 PM:587,-0.05836368,1.08393,-0.04551566,359.594,85.13447,0.6880577,LeftController
2/24/2017 3:57:48 PM:632,-0.05459833,1.083036,-0.05488026,359.7081,86.78066,0.8259617,LeftController
2/24/2017 3:57:48 PM:676,-0.05187392,1.082016,-0.06399286,359.7326,88.46478,0.8467965,LeftController
2/24/2017 3:57:48 PM:721,-0.04865193,1.081036,-0.07210088,359.8838,89.95948,0.8682921,LeftController
2/24/2017 3:57:48 PM:771,-0.04580092,1.080102,-0.0794307,0.01906693,91.23505,0.766446,LeftController
2/24/2017 3:57:48 PM:810,-0.04390693,1.079394,-0.08617032,0.028808,92.39004,0.6912206,LeftController
2/24/2017 3:57:48 PM:854,-0.04216695,1.07978,-0.09328747,0.00337937,93.70311,0.654608,LeftController
2/24/2017 3:57:48 PM:899,-0.04089689,1.079735,-0.1001037,0.06760976,95.05885,0.5501219,LeftController
2/24/2017 3:57:48 PM:944,-0.04008865,1.079519,-0.1073767,0.1745638,96.46304,0.3299176,LeftController
2/24/2017 3:57:48 PM:989,-0.03959274,1.0798,-0.1144065,0.1933629,97.9804,0.07777999,LeftController
2/24/2017 3:57:49 PM:34,-0.03960037,1.080681,-0.1204152,0.1035175,99.24706,0.1217339,LeftController
2/24/2017 3:57:49 PM:79,-0.03985739,1.081181,-0.124997,359.9653,100.0432,0.02912256,LeftController
2/24/2017 3:57:49 PM:123,-0.03981471,1.081074,-0.1295948,0.03198186,100.9674,359.7263,LeftController
2/24/2017 3:57:49 PM:167,-0.03978848,1.080742,-0.1340616,0.2378771,101.814,359.6203,LeftController
2/24/2017 3:57:49 PM:212,-0.03983212,1.080324,-0.1380777,0.3887133,102.6592,359.6129,LeftController
2/24/2017 3:57:49 PM:268,-0.04056621,1.080669,-0.1418509,0.4171203,103.4498,359.6066,LeftController
2/24/2017 3:57:49 PM:335,-0.0418787,1.0812,-0.1457845,0.3335531,104.3879,359.4444,LeftController
2/24/2017 3:57:49 PM:391,-0.04193282,1.081457,-0.14607,0.2867484,104.4483,359.6597,LeftController
2/24/2017 3:57:49 PM:435,-0.04154611,1.081679,-0.1456759,0.1879209,104.3007,359.7128,LeftController
2/24/2017 3:57:49 PM:480,-0.04172111,1.081573,-0.1445003,0.1587193,104.0076,359.7048,LeftController
2/24/2017 3:57:49 PM:525,-0.04190445,1.081699,-0.1423126,0.1703831,103.5739,359.7636,LeftController
2/24/2017 3:57:49 PM:569,-0.04206824,1.081622,-0.1395537,0.2004391,103.1254,359.8283,LeftController
2/24/2017 3:57:49 PM:614,-0.04248071,1.08143,-0.1361964,0.2132058,102.6094,359.7755,LeftController
2/24/2017 3:57:49 PM:659,-0.04282594,1.081631,-0.1316863,0.2212106,101.9238,359.7391,LeftController
2/24/2017 3:57:49 PM:703,-0.04296708,1.082175,-0.1258328,0.14452,100.9855,359.5933,LeftController
2/24/2017 3:57:49 PM:759,-0.04415298,1.083269,-0.1165235,359.9074,99.53159,359.3329,LeftController
2/24/2017 3:57:49 PM:826,-0.0446496,1.08496,-0.1010025,359.7146,96.79326,358.9306,LeftController
2/24/2017 3:57:49 PM:893,-0.04576874,1.085123,-0.08725727,359.6616,94.46716,358.0998,LeftController
2/24/2017 3:57:49 PM:938,-0.04662347,1.084712,-0.08082521,359.7609,93.42855,358.0468,LeftController
2/24/2017 3:57:49 PM:983,-0.04773307,1.083517,-0.07314599,359.8742,92.28059,357.6517,LeftController
2/24/2017 3:57:50 PM:27,-0.04813027,1.082487,-0.06610656,0.08108728,91.13442,357.2883,LeftController
2/24/2017 3:57:50 PM:72,-0.04854155,1.082174,-0.05964351,0.1998442,90.01742,357.1591,LeftController
2/24/2017 3:57:50 PM:117,-0.04921722,1.082495,-0.053424,0.04633206,89.0155,356.9838,LeftController
2/24/2017 3:57:50 PM:162,-0.04984212,1.08387,-0.04770291,359.8927,88.06512,357.0769,LeftController
2/24/2017 3:57:50 PM:206,-0.05083585,1.08614,-0.04216063,359.5511,87.09527,357.1844,LeftController
2/24/2017 3:57:50 PM:250,-0.05246854,1.088479,-0.03625786,359.0961,86.10832,357.2775,LeftController
2/24/2017 3:57:50 PM:295,-0.05455565,1.090374,-0.02986276,358.7867,85.04666,357.2917,LeftController
2/24/2017 3:57:50 PM:339,-0.05763936,1.09108,-0.02295721,358.7424,83.80294,357.245,LeftController
2/24/2017 3:57:50 PM:384,-0.06068683,1.091712,-0.01601303,358.5336,82.63076,356.8302,LeftController
2/24/2017 3:57:50 PM:429,-0.06452227,1.091733,-0.007973909,358.6132,81.21787,356.6906,LeftController
2/24/2017 3:57:50 PM:476,-0.06939983,1.09121,0.0004943609,358.7166,79.69415,356.5674,LeftController
2/24/2017 3:57:50 PM:519,-0.07433796,1.09107,0.009045482,358.7926,78.02569,356.3492,LeftController
2/24/2017 3:57:50 PM:564,-0.07971931,1.090424,0.01815212,359.0726,76.12234,356.2939,LeftController
2/24/2017 3:57:50 PM:609,-0.08615994,1.090253,0.02708578,359.0609,74.31092,356.1407,LeftController
2/24/2017 3:57:50 PM:654,-0.09207463,1.090405,0.03566718,359.1566,72.50381,355.9189,LeftController
2/24/2017 3:57:50 PM:698,-0.09846067,1.090485,0.04385388,359.2979,70.75627,355.8388,LeftController
2/24/2017 3:57:50 PM:743,-0.1052344,1.090659,0.05137324,359.2469,69.05346,355.6603,LeftController
2/24/2017 3:57:50 PM:788,-0.1109884,1.090742,0.05812216,359.354,67.40823,355.4406,LeftController
2/24/2017 3:57:50 PM:832,-0.1156063,1.090333,0.0631758,359.5645,66.15527,355.3282,LeftController
2/24/2017 3:57:50 PM:877,-0.1196995,1.090589,0.0669173,359.4961,65.20398,355.3487,LeftController
2/24/2017 3:57:50 PM:935,-0.1235945,1.09189,0.07056689,359.3013,64.0903,355.3525,LeftController
2/24/2017 3:57:51 PM:0,-0.1284261,1.094486,0.07450664,358.8699,62.82792,355.817,LeftController
2/24/2017 3:57:51 PM:56,-0.1306109,1.094818,0.07604969,358.842,62.24731,355.7837,LeftController
2/24/2017 3:57:51 PM:101,-0.1323385,1.094849,0.07736242,358.9244,61.85075,355.8729,LeftController
2/24/2017 3:57:51 PM:145,-0.1342354,1.094339,0.07825124,358.9084,61.51799,355.8262,LeftController
2/24/2017 3:57:51 PM:190,-0.1360824,1.09371,0.07913566,359.0726,61.09878,355.7637,LeftController
2/24/2017 3:57:51 PM:234,-0.1381795,1.093594,0.08040321,359.1941,60.62312,355.8637,LeftController
2/24/2017 3:57:51 PM:279,-0.1408858,1.093893,0.08198297,359.0714,60.21941,355.8396,LeftController
2/24/2017 3:57:51 PM:324,-0.1432049,1.093517,0.08368433,359.1851,59.67216,355.7922,LeftController
2/24/2017 3:57:51 PM:369,-0.1455734,1.093124,0.08537996,359.3062,59.1345,355.6591,LeftController
2/24/2017 3:57:51 PM:415,-0.1479445,1.092713,0.08671284,359.3558,58.72673,355.5506,LeftController
2/24/2017 3:57:51 PM:469,-0.1503589,1.092428,0.08806062,359.4614,58.21946,355.3948,LeftController
2/24/2017 3:57:51 PM:514,-0.1519222,1.09143,0.08856273,359.6345,58.00699,355.3295,LeftController
2/24/2017 3:57:51 PM:560,-0.1518428,1.090203,0.08820915,359.8732,57.93242,355.2293,LeftController
2/24/2017 3:57:51 PM:603,-0.1505597,1.088887,0.08719039,0.05503789,58.10006,355.1221,LeftController
2/24/2017 3:57:51 PM:648,-0.1485362,1.087426,0.08520341,0.3051451,58.50124,355.0858,LeftController
2/24/2017 3:57:51 PM:716,-0.1402502,1.08549,0.07982266,0.6389009,59.77855,354.8339,LeftController
2/24/2017 3:57:51 PM:771,-0.133002,1.084457,0.07471514,0.8114556,60.99911,354.855,LeftController
2/24/2017 3:57:51 PM:816,-0.1254826,1.084168,0.06823909,0.7983693,62.57887,354.7908,LeftController
2/24/2017 3:57:51 PM:860,-0.1167946,1.085224,0.06082416,0.569593,64.38752,355.0378,LeftController
2/24/2017 3:57:51 PM:906,-0.1075659,1.08662,0.05221367,0.2902589,66.28345,355.2027,LeftController
2/24/2017 3:57:51 PM:972,-0.09143353,1.088375,0.03642559,359.7442,69.65446,355.5893,LeftController
2/24/2017 3:57:52 PM:28,-0.0842135,1.088717,0.02684331,359.5928,71.58804,355.7806,LeftController
2/24/2017 3:57:52 PM:73,-0.07740641,1.088898,0.01715326,359.2372,73.47083,355.8173,LeftController
2/24/2017 3:57:52 PM:117,-0.07108903,1.090067,0.007774472,358.9036,75.24908,355.9225,LeftController
2/24/2017 3:57:52 PM:162,-0.06569386,1.090786,-0.001243234,358.7251,77.01884,356.1567,LeftController
2/24/2017 3:57:52 PM:207,-0.06165648,1.090827,-0.01051462,358.5951,78.68693,356.262,LeftController
2/24/2017 3:57:52 PM:251,-0.05788922,1.091474,-0.01936686,358.4457,80.14984,356.4351,LeftController
2/24/2017 3:57:52 PM:296,-0.05529046,1.092325,-0.02884817,358.1975,81.96152,356.4952,LeftController
2/24/2017 3:57:52 PM:340,-0.05326605,1.093506,-0.03816533,357.8672,83.62762,356.6897,LeftController
2/24/2017 3:57:52 PM:386,-0.05229568,1.094887,-0.04744875,357.5178,85.36839,356.5816,LeftController
2/24/2017 3:57:52 PM:430,-0.0517354,1.096453,-0.0576787,357.3098,87.22483,356.6378,LeftController
2/24/2017 3:57:52 PM:474,-0.05255175,1.097631,-0.06671917,357.0247,88.80405,356.5253,LeftController
2/24/2017 3:57:52 PM:519,-0.05324888,1.099164,-0.07517242,356.5692,90.28987,356.3118,LeftController
2/24/2017 3:57:52 PM:563,-0.05449033,1.099702,-0.08206356,356.5909,91.4026,356.1879,LeftController
2/24/2017 3:57:52 PM:608,-0.05638242,1.099687,-0.08727145,356.6732,92.12292,356.4009,LeftController
2/24/2017 3:57:52 PM:652,-0.0580616,1.100019,-0.09126449,356.6242,92.70797,356.5381,LeftController
2/24/2017 3:57:52 PM:697,-0.05924439,1.099497,-0.09414625,356.7935,93.13236,356.6277,LeftController
2/24/2017 3:57:52 PM:742,-0.06031466,1.09856,-0.0961746,357.0669,93.37466,356.7426,LeftController
2/24/2017 3:57:52 PM:787,-0.0610137,1.098439,-0.09755361,357.0478,93.6571,356.5559,LeftController
2/24/2017 3:57:52 PM:832,-0.06134558,1.098483,-0.0976373,357.0835,93.72574,356.4707,LeftController
2/24/2017 3:57:52 PM:876,-0.06107187,1.098288,-0.09718347,357.1238,93.56726,356.4337,LeftController
2/24/2017 3:57:52 PM:921,-0.06084156,1.099105,-0.09597492,357.0009,93.30911,356.3242,LeftController
2/24/2017 3:57:52 PM:966,-0.0604353,1.100076,-0.09388781,356.8086,92.98774,356.243,LeftController
2/24/2017 3:57:53 PM:11,-0.05994964,1.101161,-0.09001207,356.6389,92.08228,356.3412,LeftController
2/24/2017 3:57:53 PM:55,-0.05971336,1.102985,-0.08513355,356.3318,91.23234,356.1721,LeftController
2/24/2017 3:57:53 PM:100,-0.05917311,1.104884,-0.07827961,356.0826,90.0867,356.3834,LeftController
2/24/2017 3:57:53 PM:144,-0.05847955,1.108007,-0.06712151,355.5016,87.97936,356.064,LeftController
2/24/2017 3:57:53 PM:188,-0.05728483,1.114155,-0.05267882,354.4898,85.54578,355.5526,LeftController
2/24/2017 3:57:53 PM:233,-0.05613685,1.123437,-0.03472209,353.2524,82.47057,355.6437,LeftController
2/24/2017 3:57:53 PM:278,-0.05702496,1.135765,-0.01543355,351.1402,79.25375,355.3049,LeftController
2/24/2017 3:57:53 PM:323,-0.05977178,1.149749,0.004211307,348.8703,75.77274,355.2899,LeftController
2/24/2017 3:57:53 PM:379,-0.06751251,1.164787,0.02652407,346.5131,71.67374,355.7919,LeftController
2/24/2017 3:57:53 PM:446,-0.08377576,1.177896,0.05077851,344.5773,66.41238,356.273,LeftController
2/24/2017 3:57:53 PM:503,-0.0958581,1.180151,0.05866468,343.7795,64.13991,356.2612,LeftController
2/24/2017 3:57:53 PM:546,-0.1085267,1.179092,0.06360877,343.4602,61.99008,356.254,LeftController
2/24/2017 3:57:53 PM:591,-0.1215129,1.174907,0.06576812,343.9221,59.9321,356.3567,LeftController
2/24/2017 3:57:53 PM:638,-0.1341085,1.169303,0.06568289,345.0641,58.08852,357.0011,LeftController
2/24/2017 3:57:53 PM:680,-0.1480765,1.164159,0.06339908,346.2691,56.26386,357.8276,LeftController
2/24/2017 3:57:53 PM:725,-0.1607406,1.160051,0.0591507,346.7724,55.31858,358.0301,LeftController
2/24/2017 3:57:53 PM:769,-0.1717288,1.156314,0.05431938,347.1811,54.51406,357.575,LeftController
2/24/2017 3:57:53 PM:815,-0.1817889,1.153462,0.05055666,347.5609,53.42176,357.4225,LeftController
2/24/2017 3:57:53 PM:859,-0.1903296,1.150705,0.0473634,348.2279,51.97883,358.1936,LeftController
2/24/2017 3:57:53 PM:904,-0.197382,1.148664,0.04462874,348.6075,50.66838,358.9714,LeftController
2/24/2017 3:57:53 PM:948,-0.193892,1.153057,0.04149354,349.2603,49.52727,358.9998,LeftController
2/24/2017 3:57:53 PM:993,-0.1988227,1.15287,0.03900313,349.2427,48.93624,359.1667,LeftController
2/24/2017 3:57:54 PM:38,-0.2013283,1.153501,0.03524399,349.1208,48.8303,359.3098,LeftController
2/24/2017 3:57:54 PM:82,-0.2032096,1.155175,0.03126097,348.8686,48.94884,359.2564,LeftController
2/24/2017 3:57:54 PM:127,-0.2046764,1.157251,0.02792645,348.1246,49.08803,359.1508,LeftController
2/24/2017 3:57:54 PM:172,-0.2047768,1.159079,0.02538013,347.9364,49.19284,359.2162,LeftController
2/24/2017 3:57:54 PM:217,-0.2051125,1.160166,0.02433121,347.4478,49.68483,359.5961,LeftController
2/24/2017 3:57:54 PM:261,-0.2042255,1.161181,0.02786767,346.9595,49.7277,0.3299283,LeftController
2/24/2017 3:57:54 PM:306,-0.1998982,1.159242,0.0372138,347.3018,49.19562,359.307,LeftController
2/24/2017 3:57:54 PM:350,-0.1929054,1.157982,0.04957521,347.0435,48.58937,357.4298,LeftController
2/24/2017 3:57:54 PM:407,-0.1840441,1.156523,0.0665518,347.925,47.08124,357.7502,LeftController
2/24/2017 3:57:54 PM:452,-0.1766295,1.155158,0.07625008,348.7198,46.68359,357.7673,LeftController
2/24/2017 3:57:54 PM:507,-0.1699193,1.157148,0.08383691,349.5992,45.97219,359.314,LeftController
2/24/2017 3:57:54 PM:574,-0.1652732,1.162985,0.08736455,350.2698,45.35302,2.593493,LeftController
2/24/2017 3:57:54 PM:631,-0.1638627,1.170083,0.08368623,348.9185,45.27398,1.487855,LeftController
2/24/2017 3:57:54 PM:675,-0.1604702,1.176205,0.07805538,348.433,45.80414,3.017502,LeftController
2/24/2017 3:57:54 PM:719,-0.1529741,1.181249,0.0677433,347.6483,47.47217,2.803265,LeftController
2/24/2017 3:57:54 PM:767,-0.1399195,1.186684,0.05321538,346.6449,50.13021,2.802878,LeftController
2/24/2017 3:57:54 PM:809,-0.1229982,1.190763,0.03420293,346.1606,53.50416,3.330078,LeftController
2/24/2017 3:57:54 PM:865,-0.09537125,1.195597,0.001986742,345.162,59.47075,3.257298,LeftController
2/24/2017 3:57:54 PM:922,-0.06509948,1.199845,-0.03954482,344.4658,67.01839,3.42062,LeftController
2/24/2017 3:57:54 PM:965,-0.04278731,1.202753,-0.079579,343.4915,74.5161,2.609474,LeftController
2/24/2017 3:57:55 PM:10,-0.02519226,1.203841,-0.1221151,342.8786,82.35599,1.939154,LeftController
2/24/2017 3:57:55 PM:54,-0.01396203,1.202125,-0.1643633,342.7525,89.99118,1.175705,LeftController
2/24/2017 3:57:55 PM:100,-0.008408785,1.197516,-0.2037094,343.372,96.94294,0.4840387,LeftController
2/24/2017 3:57:55 PM:144,-0.008509874,1.190734,-0.2389741,344.2318,103.2221,0.4329098,LeftController
2/24/2017 3:57:55 PM:189,-0.0115242,1.184757,-0.2710272,345.2394,108.7967,0.4882303,LeftController
2/24/2017 3:57:55 PM:234,-0.01864982,1.175491,-0.297183,346.3268,113.6905,359.4436,LeftController
2/24/2017 3:57:55 PM:278,-0.0276258,1.165455,-0.3181787,347.8548,117.8042,358.903,LeftController
2/24/2017 3:57:55 PM:323,-0.03691649,1.156322,-0.3343624,349.562,121.1244,359.4579,LeftController
2/24/2017 3:57:55 PM:367,-0.04619551,1.149931,-0.3457394,350.527,124.4702,358.6335,LeftController
2/24/2017 3:57:55 PM:413,-0.05342007,1.146129,-0.3521098,350.9649,126.8252,358.4998,LeftController
2/24/2017 3:57:55 PM:457,-0.05656815,1.145035,-0.3523884,350.9185,127.9457,358.3266,LeftController
2/24/2017 3:57:55 PM:502,-0.05499506,1.145017,-0.3470552,350.9687,127.636,358.1611,LeftController
2/24/2017 3:57:55 PM:546,-0.05083466,1.145963,-0.3375862,350.8436,126.2365,357.8939,LeftController
2/24/2017 3:57:55 PM:591,-0.04469323,1.14686,-0.3257631,350.7679,124.484,357.6489,LeftController
2/24/2017 3:57:55 PM:635,-0.03828073,1.147787,-0.3106072,350.7108,122.3218,357.2396,LeftController
2/24/2017 3:57:55 PM:680,-0.03242683,1.148603,-0.2941011,350.4347,120.0309,356.6869,LeftController
2/24/2017 3:57:55 PM:737,-0.02613974,1.149317,-0.2723796,350.2618,116.9789,356.4568,LeftController
2/24/2017 3:57:55 PM:781,-0.02149606,1.149456,-0.2530808,350.3634,113.9705,356.8561,LeftController
2/24/2017 3:57:55 PM:825,-0.01910591,1.149963,-0.2332973,350.1614,111.0781,356.7993,LeftController
2/24/2017 3:57:55 PM:870,-0.01845074,1.149816,-0.2127826,350.1254,108.1383,356.9611,LeftController
2/24/2017 3:57:55 PM:914,-0.01913357,1.149093,-0.1904202,350.2845,104.783,356.9921,LeftController
2/24/2017 3:57:55 PM:959,-0.02224374,1.148184,-0.1658655,350.4131,101.0266,356.9821,LeftController
2/24/2017 3:57:56 PM:4,-0.02757096,1.147049,-0.1398185,350.6077,96.96641,356.84,LeftController
2/24/2017 3:57:56 PM:50,-0.0350616,1.145919,-0.1122674,350.9673,92.28589,356.81,LeftController
2/24/2017 3:57:56 PM:94,-0.04537344,1.145293,-0.08435833,351.1393,87.42535,356.558,LeftController
2/24/2017 3:57:56 PM:138,-0.05808353,1.145027,-0.05815876,351.2757,82.54959,356.1919,LeftController
2/24/2017 3:57:56 PM:183,-0.07242751,1.144849,-0.03517115,351.4616,77.86664,355.8871,LeftController
2/24/2017 3:57:56 PM:228,-0.08762717,1.145069,-0.0159452,351.5553,73.65516,355.8784,LeftController
2/24/2017 3:57:56 PM:272,-0.1036217,1.145496,-9.894371E-05,351.5202,69.99516,355.6591,LeftController
2/24/2017 3:57:56 PM:317,-0.1181991,1.145899,0.01085782,351.5756,67.29257,355.6513,LeftController
2/24/2017 3:57:56 PM:362,-0.1317668,1.146161,0.01867259,351.424,65.38406,355.6865,LeftController
2/24/2017 3:57:56 PM:406,-0.1434,1.145495,0.02413547,351.3763,64.18504,355.9102,LeftController
2/24/2017 3:57:56 PM:450,-0.1524379,1.143595,0.02783859,351.3507,63.34558,356.0943,LeftController
2/24/2017 3:57:56 PM:496,-0.1585774,1.139798,0.03028047,351.8436,62.73287,355.9788,LeftController
2/24/2017 3:57:56 PM:541,-0.1622584,1.134533,0.03183365,353.2151,62.14294,355.7399,LeftController
2/24/2017 3:57:56 PM:585,-0.1649528,1.131492,0.03160238,353.6978,62.37363,356.0005,LeftController
2/24/2017 3:57:56 PM:629,-0.1671972,1.129868,0.03129363,353.6335,62.58379,356.43,LeftController
2/24/2017 3:57:56 PM:675,-0.1681106,1.127583,0.03187406,353.5431,62.56801,356.9471,LeftController
2/24/2017 3:57:56 PM:719,-0.1680171,1.121847,0.03211248,354.3463,62.81672,356.8161,LeftController
2/24/2017 3:57:56 PM:764,-0.167419,1.112717,0.03251553,355.9765,63.29861,356.2841,LeftController
2/24/2017 3:57:56 PM:808,-0.1667814,1.103784,0.03346956,357.5658,63.74408,355.5204,LeftController
2/24/2017 3:57:56 PM:853,-0.166702,1.096425,0.03454781,358.9639,64.01556,355.338,LeftController
2/24/2017 3:57:56 PM:898,-0.1668887,1.091729,0.03669393,359.9637,63.92959,354.707,LeftController
2/24/2017 3:57:56 PM:942,-0.1663013,1.091683,0.03961802,0.318526,63.80227,354.4568,LeftController
2/24/2017 3:57:56 PM:987,-0.1656418,1.096808,0.04394007,359.4072,63.26823,354.6379,LeftController
2/24/2017 3:57:57 PM:32,-0.1651604,1.106575,0.04993057,357.4225,62.22729,355.032,LeftController
2/24/2017 3:57:57 PM:76,-0.1655085,1.119477,0.05623949,354.8144,60.83636,355.4337,LeftController
2/24/2017 3:57:57 PM:121,-0.1656332,1.133677,0.06203508,351.9141,59.62682,355.5023,LeftController
2/24/2017 3:57:57 PM:165,-0.1671994,1.148661,0.06690323,348.8659,58.41191,356.0073,LeftController
2/24/2017 3:57:57 PM:211,-0.1687379,1.162392,0.07002592,345.9506,57.83871,356.3123,LeftController
2/24/2017 3:57:57 PM:256,-0.1701357,1.174355,0.07235849,343.7212,57.451,356.595,LeftController
2/24/2017 3:57:57 PM:300,-0.1716888,1.183053,0.07442057,342.1997,56.97077,357.3119,LeftController
2/24/2017 3:57:57 PM:367,-0.1727607,1.19023,0.07682264,340.3861,56.61963,357.6865,LeftController
2/24/2017 3:57:57 PM:412,-0.1714904,1.185314,0.07789159,340.9084,56.92104,357.3846,LeftController
2/24/2017 3:57:57 PM:457,-0.1686001,1.17429,0.08028042,342.372,57.17829,357.2264,LeftController
2/24/2017 3:57:57 PM:513,-0.1655734,1.148756,0.08660352,347.0187,56.15941,357.5055,LeftController
2/24/2017 3:57:57 PM:568,-0.1650329,1.125221,0.09109497,352.3445,55.41066,358.6271,LeftController
2/24/2017 3:57:57 PM:636,-0.1663792,1.096816,0.094437,357.3956,54.56738,358.337,LeftController
2/24/2017 3:57:57 PM:680,-0.167556,1.083408,0.0945648,359.5101,54.37109,357.6676,LeftController
2/24/2017 3:57:57 PM:724,-0.1691298,1.074342,0.09448957,1.254034,54.20561,358.581,LeftController
2/24/2017 3:57:57 PM:769,-0.1691418,1.069043,0.09400737,1.932534,54.44773,358.3372,LeftController
2/24/2017 3:57:57 PM:813,-0.167371,1.066682,0.09396577,2.012574,54.71775,357.8322,LeftController
2/24/2017 3:57:57 PM:859,-0.1652951,1.062773,0.09501529,1.582698,55.26226,357.7669,LeftController
2/24/2017 3:57:57 PM:903,-0.1608067,1.051057,0.09801471,0.7193234,56.44865,356.6098,LeftController
2/24/2017 3:57:57 PM:948,-0.1553583,1.024304,0.1048366,1.851517,57.19154,353.7974,LeftController
2/24/2017 3:57:57 PM:992,-0.1556709,0.9801573,0.1175475,8.640409,54.67088,351.3489,LeftController
2/24/2017 3:57:58 PM:42,-0.1639547,0.9291252,0.1298145,15.76076,51.37201,348.7187,LeftController
2/24/2017 3:57:58 PM:82,-0.17607,0.8799804,0.1382976,21.49609,49.27152,346.3159,LeftController
2/24/2017 3:57:58 PM:126,-0.195035,0.8321489,0.1422801,28.64859,46.10329,343.6741,LeftController
2/24/2017 3:57:58 PM:171,-0.2189286,0.7879764,0.1419606,35.45086,43.43734,343.3969,LeftController
2/24/2017 3:57:58 PM:215,-0.2484977,0.747923,0.1387703,42.87593,39.12594,342.6533,LeftController
2/24/2017 3:57:58 PM:261,-0.2795708,0.7144513,0.1319829,48.41603,35.56287,339.2206,LeftController
2/24/2017 3:57:58 PM:305,-0.3143373,0.6882265,0.1243089,54.08781,28.73215,333.2697,LeftController
2/24/2017 3:57:58 PM:350,-0.3475003,0.6694697,0.1144835,58.32424,22.72351,326.7708,LeftController
2/24/2017 3:57:58 PM:395,-0.3771515,0.6583986,0.1054505,60.92508,16.92224,319.0112,LeftController
2/24/2017 3:57:58 PM:450,-0.4079459,0.6504411,0.09419346,63.24095,9.643517,309.3199,LeftController
2/24/2017 3:57:58 PM:495,-0.4252987,0.647172,0.08624482,64.40675,6.105966,304.5371,LeftController
2/24/2017 3:57:58 PM:540,-0.4356134,0.6453221,0.07938111,64.77326,5.126359,303.4167,LeftController
2/24/2017 3:57:58 PM:585,-0.4419334,0.6448926,0.07247734,64.57532,4.759815,304.2968,LeftController
2/24/2017 3:57:58 PM:629,-0.4462104,0.6436241,0.06439006,64.76024,3.427681,304.5499,LeftController
2/24/2017 3:57:58 PM:685,-0.4487283,0.6402638,0.05131853,66.63194,0.9121711,306.3893,LeftController
2/24/2017 3:57:58 PM:731,-0.4471805,0.6363057,0.04323208,70.15884,3.722591,312.3844,LeftController
2/24/2017 3:57:58 PM:785,-0.4456344,0.6378233,0.0498991,69.12768,4.929773,312.0908,LeftController
2/24/2017 3:57:58 PM:829,-0.4440265,0.6414801,0.06099284,67.15974,3.194227,310.6821,LeftController
2/24/2017 3:57:58 PM:875,-0.4392772,0.6444081,0.07039392,65.63177,1.294131,311.5444,LeftController
2/24/2017 3:57:58 PM:931,-0.4257383,0.647737,0.07689309,63.71316,6.1146,315.1198,LeftController
2/24/2017 3:57:58 PM:976,-0.4131432,0.6494832,0.07763362,63.17581,10.50492,317.6863,LeftController
2/24/2017 3:57:59 PM:20,-0.3992085,0.6518024,0.07626069,62.66648,15.37465,322.1602,LeftController
2/24/2017 3:57:59 PM:66,-0.3858628,0.6537277,0.07317638,62.49258,19.74151,325.8667,LeftController
2/24/2017 3:57:59 PM:110,-0.3748353,0.6548157,0.06886685,62.26048,23.50413,328.4647,LeftController
2/24/2017 3:57:59 PM:154,-0.3656514,0.655405,0.06360674,62.09184,26.63666,330.1382,LeftController
2/24/2017 3:57:59 PM:199,-0.3576496,0.6557878,0.05747151,62.01413,29.26229,331.2906,LeftController
2/24/2017 3:57:59 PM:244,-0.3524878,0.6549312,0.05066502,62.4538,31.39811,332.0898,LeftController
2/24/2017 3:57:59 PM:288,-0.3494046,0.6535314,0.04394519,63.01262,33.37854,333.3734,LeftController
2/24/2017 3:57:59 PM:332,-0.3483989,0.6522672,0.03826606,63.45449,35.14714,334.4191,LeftController
2/24/2017 3:57:59 PM:378,-0.3494933,0.6516536,0.03376019,63.81266,36.18106,334.9437,LeftController
2/24/2017 3:57:59 PM:422,-0.352489,0.6506958,0.03131938,64.23627,36.59576,335.1787,LeftController
2/24/2017 3:57:59 PM:478,-0.3584595,0.6491245,0.03184199,64.84527,35.52927,334.1361,LeftController
2/24/2017 3:57:59 PM:524,-0.364584,0.6486032,0.03555882,65.09956,33.03279,332.621,LeftController
2/24/2017 3:57:59 PM:590,-0.3737888,0.6488423,0.04366636,64.05605,30.56063,328.2689,LeftController
2/24/2017 3:57:59 PM:646,-0.3790159,0.6488535,0.04745293,63.94109,29.45704,326.6505,LeftController
2/24/2017 3:57:59 PM:691,-0.3852663,0.6485519,0.0506506,63.98463,27.9629,325.2442,LeftController
2/24/2017 3:57:59 PM:735,-0.3904972,0.6484045,0.05312455,64.0785,27.06554,323.8344,LeftController
2/24/2017 3:57:59 PM:780,-0.3947642,0.6488194,0.05450201,64.36546,25.64999,322.1226,LeftController
2/24/2017 3:57:59 PM:837,-0.3977213,0.649151,0.05585968,65.18346,23.2867,319.4592,LeftController
2/24/2017 3:57:59 PM:903,-0.3901894,0.6516986,0.05819738,65.42372,21.91608,318.3239,LeftController
2/24/2017 3:57:59 PM:981,-0.3602676,0.6599436,0.05798352,61.22694,31.11157,322.2649,LeftController
2/24/2017 3:58:00 PM:48,-0.3121123,0.6776177,0.05012178,52.57292,43.92387,325.2986,LeftController
2/24/2017 3:58:00 PM:115,-0.246388,0.7050786,0.02729583,42.18642,55.79126,326.4614,LeftController
2/24/2017 3:58:00 PM:171,-0.1925073,0.7393799,0.001887441,31.38835,64.84048,337.7701,LeftController
2/24/2017 3:58:00 PM:215,-0.1450565,0.7833145,-0.02819574,19.89061,71.87109,344.0973,LeftController
2/24/2017 3:58:00 PM:259,-0.1085341,0.835255,-0.05769646,8.168251,76.436,346.9573,LeftController
2/24/2017 3:58:00 PM:306,-0.08279753,0.8875834,-0.0815357,358.7,78.20282,350.2583,LeftController
2/24/2017 3:58:00 PM:349,-0.06964874,0.9352273,-0.1009698,351.4017,79.47671,352.7467,LeftController
2/24/2017 3:58:00 PM:394,-0.06419325,0.9762304,-0.117103,345.2855,81.27827,353.9242,LeftController
2/24/2017 3:58:00 PM:438,-0.0639987,1.003639,-0.1305745,341.3193,83.79266,353.5691,LeftController
2/24/2017 3:58:00 PM:507,-0.06722212,1.022509,-0.1424595,339.0032,87.1245,353.5473,LeftController
2/24/2017 3:58:00 PM:561,-0.06899023,1.017189,-0.1418794,340.4879,87.19484,353.4665,LeftController
2/24/2017 3:58:00 PM:606,-0.07169199,1.00949,-0.1378974,342.3367,86.46219,355.2981,LeftController
2/24/2017 3:58:00 PM:651,-0.07329893,1.002133,-0.1299144,344.1217,85.23032,356.1822,LeftController
2/24/2017 3:58:00 PM:695,-0.07504988,0.9943161,-0.1112807,346.9903,80.60896,0.4626295,LeftController
2/24/2017 3:58:00 PM:740,-0.07899213,0.985481,-0.08529925,350.4781,74.40243,6.119099,LeftController
2/24/2017 3:58:00 PM:786,-0.08429217,0.9777111,-0.05724812,354.0587,68.12303,11.24661,LeftController
2/24/2017 3:58:00 PM:833,-0.08972955,0.9730606,-0.03605342,356.1038,64.4856,13.73377,LeftController
2/24/2017 3:58:00 PM:897,-0.09621358,0.9731441,-0.0178287,356.575,63.3078,14.35706,LeftController
2/24/2017 3:58:00 PM:954,-0.09589624,0.9757652,-0.01886451,356.7867,64.93861,15.62789,LeftController
2/24/2017 3:58:00 PM:997,-0.09284997,0.9808073,-0.03777778,351.1819,71.16647,352.5475,LeftController
2/24/2017 3:58:01 PM:41,-0.09624743,0.9775776,-0.07877815,344.5042,89.07856,311.9941,LeftController
2/24/2017 3:58:01 PM:86,-0.0972569,0.9664202,-0.1100037,346.9749,106.0252,280.127,LeftController
2/24/2017 3:58:01 PM:131,-0.1015725,0.9484973,-0.1252213,352.793,114.8215,260.1057,LeftController
2/24/2017 3:58:01 PM:176,-0.1029627,0.9394788,-0.1247133,354.3825,115.8061,255.7806,LeftController
2/24/2017 3:58:01 PM:220,-0.0976367,0.9379172,-0.1147615,354.6614,110.994,254.1762,LeftController
2/24/2017 3:58:01 PM:265,-0.09507704,0.9395056,-0.1063783,353.0531,107.2723,258.5204,LeftController
2/24/2017 3:58:01 PM:310,-0.09195995,0.946525,-0.09157407,349.7028,96.42185,278.0586,LeftController
2/24/2017 3:58:01 PM:355,-0.08742404,0.9503819,-0.06629086,353.7187,80.10246,314.0195,LeftController
2/24/2017 3:58:01 PM:399,-0.08951068,0.9396297,-0.04150045,6.912792,67.70335,353.4458,LeftController
2/24/2017 3:58:01 PM:445,-0.0948391,0.9210969,-0.0249908,24.02946,66.52004,34.17879,LeftController
2/24/2017 3:58:01 PM:489,-0.1042726,0.9145209,-0.02156937,23.4967,73.05207,60.88696,LeftController
2/24/2017 3:58:01 PM:533,-0.1108427,0.9161017,-0.02108419,20.79143,76.00842,79.18843,LeftController
2/24/2017 3:58:01 PM:577,-0.1142337,0.9174478,-0.02024925,19.63375,76.45891,85.3679,LeftController
2/24/2017 3:58:01 PM:623,-0.1153519,0.9210359,-0.01694119,17.38643,74.89064,90.59571,LeftController
2/24/2017 3:58:01 PM:667,-0.1153738,0.9246308,-0.01753724,15.61721,75.61919,94.16871,LeftController
2/24/2017 3:58:01 PM:712,-0.1156719,0.9276258,-0.01701784,14.603,74.49314,94.41383,LeftController
2/24/2017 3:58:01 PM:757,-0.1151762,0.9279909,-0.01642513,15.28021,73.89188,93.78795,LeftController
2/24/2017 3:58:01 PM:824,-0.1129131,0.9335304,-0.01339972,15.3213,69.77058,75.2818,LeftController
2/24/2017 3:58:01 PM:880,-0.110229,0.9328339,-0.01053309,16.34142,67.05863,62.1588,LeftController
2/24/2017 3:58:01 PM:925,-0.1108227,0.9356213,-0.007235646,13.27088,63.49396,49.76813,LeftController
2/24/2017 3:58:01 PM:991,-0.1060243,0.9447174,-0.01101184,5.431509,61.55086,17.68224,LeftController
2/24/2017 3:58:02 PM:47,-0.09895921,0.9485627,-0.02068603,359.9785,65.44758,357.212,LeftController
2/24/2017 3:58:02 PM:93,-0.096035,0.9487493,-0.03093445,356.6937,71.08357,342.6676,LeftController
2/24/2017 3:58:02 PM:136,-0.09778047,0.9459497,-0.03443837,356.5102,73.95614,337.4304,LeftController
2/24/2017 3:58:02 PM:181,-0.1009259,0.9421452,-0.03183639,357.8421,73.35363,339.937,LeftController
2/24/2017 3:58:02 PM:225,-0.1036007,0.9414971,-0.02823091,358.249,72.34303,341.3965,LeftController
2/24/2017 3:58:02 PM:270,-0.1060021,0.9424297,-0.0262326,357.6859,72.08868,341.2921,LeftController
2/24/2017 3:58:02 PM:315,-0.1080098,0.9435188,-0.0245688,357.6677,72.23449,343.6192,LeftController
2/24/2017 3:58:02 PM:360,-0.1090152,0.9434843,-0.01919794,359.0096,71.15838,348.8754,LeftController
2/24/2017 3:58:02 PM:405,-0.1105306,0.9416198,-0.009725928,0.8263996,69.31248,353.84,LeftController
2/24/2017 3:58:02 PM:449,-0.1137846,0.9399124,0.002757192,1.424755,67.48926,355.5161,LeftController
2/24/2017 3:58:02 PM:494,-0.1182272,0.9395244,0.01477766,0.8326131,66.40036,355.8877,LeftController
2/24/2017 3:58:02 PM:539,-0.1231742,0.9388882,0.02855885,0.9206703,65.28614,359.2947,LeftController
2/24/2017 3:58:02 PM:583,-0.1276722,0.9364897,0.04128754,1.506048,64.37651,359.0595,LeftController
2/24/2017 3:58:02 PM:628,-0.1323299,0.9355638,0.05276847,1.384988,63.69545,359.0752,LeftController
2/24/2017 3:58:02 PM:672,-0.1295195,0.9434258,0.05996537,359.6304,64.57948,358.5644,LeftController
2/24/2017 3:58:02 PM:718,-0.1309803,0.9474754,0.06536126,357.8089,65.57732,357.6603,LeftController
2/24/2017 3:58:02 PM:762,-0.1319947,0.9479442,0.07098341,357.0073,65.97926,357.2691,LeftController
2/24/2017 3:58:02 PM:807,-0.1326714,0.9416256,0.07594037,357.239,67.0205,352.2337,LeftController
2/24/2017 3:58:02 PM:851,-0.1356149,0.926154,0.082196,358.1586,67.72426,344.9457,LeftController
2/24/2017 3:58:02 PM:896,-0.1435835,0.9008695,0.09069884,1.56946,68.1591,342.7242,LeftController
2/24/2017 3:58:02 PM:952,-0.1618891,0.8507824,0.1015493,9.767987,67.48007,349.2529,LeftController
2/24/2017 3:58:02 PM:996,-0.1862571,0.7997376,0.1067977,19.19066,65.77528,353.6615,LeftController
2/24/2017 3:58:03 PM:42,-0.2240129,0.7492702,0.1103796,29.535,60.37345,358.4888,LeftController
2/24/2017 3:58:03 PM:85,-0.2761765,0.7060035,0.1075609,41.25318,51.01854,0.8379669,LeftController
2/24/2017 3:58:03 PM:130,-0.329463,0.677094,0.09271526,51.7985,42.20684,356.9017,LeftController
2/24/2017 3:58:03 PM:174,-0.370306,0.6637497,0.07386315,57.6615,36.05025,353.8445,LeftController
2/24/2017 3:58:03 PM:219,-0.3961134,0.657073,0.05726206,60.3768,33.41546,357.2336,LeftController
2/24/2017 3:58:03 PM:264,-0.4158289,0.6484495,0.04645061,66.37908,28.37842,10.19519,LeftController
2/24/2017 3:58:03 PM:308,-0.4272814,0.6503963,0.05977905,66.06839,21.0014,22.3038,LeftController
2/24/2017 3:58:03 PM:354,-0.4315617,0.659789,0.08312201,59.18833,14.03102,14.10261,LeftController
2/24/2017 3:58:03 PM:398,-0.4295964,0.6633294,0.0945673,55.44689,15.5808,10.03366,LeftController
2/24/2017 3:58:03 PM:454,-0.4158165,0.6611924,0.09344542,54.83665,26.3635,6.590466,LeftController
2/24/2017 3:58:03 PM:511,-0.3990076,0.6592382,0.08285737,58.16364,35.79476,1.666927,LeftController
2/24/2017 3:58:03 PM:577,-0.376487,0.6574544,0.0636189,61.31768,52.83031,4.999863,LeftController
2/24/2017 3:58:03 PM:633,-0.3644519,0.657334,0.05217111,62.4488,59.75699,8.093431,LeftController
2/24/2017 3:58:03 PM:677,-0.3521895,0.6587199,0.04426181,61.43932,63.04972,9.111912,LeftController
2/24/2017 3:58:03 PM:722,-0.3400002,0.6599747,0.036955,60.20675,65.15406,11.28409,LeftController
2/24/2017 3:58:03 PM:767,-0.3292041,0.6603879,0.02723932,59.36141,70.41833,14.75796,LeftController
2/24/2017 3:58:03 PM:812,-0.3190265,0.6627852,0.01619112,57.85508,78.78869,17.57411,LeftController
2/24/2017 3:58:03 PM:856,-0.3128495,0.6647553,0.009509087,56.79369,84.0812,16.15464,LeftController
2/24/2017 3:58:03 PM:901,-0.3086345,0.6667132,0.008702278,56.60997,85.4208,15.49888,LeftController
2/24/2017 3:58:03 PM:946,-0.3079042,0.6668398,0.01297688,57.94298,83.70273,20.10962,LeftController
2/24/2017 3:58:03 PM:991,-0.3085897,0.6666648,0.01486766,58.1794,82.81078,23.24694,LeftController
2/24/2017 3:58:04 PM:36,-0.3108802,0.6659799,0.01469541,58.12943,82.35989,23.27024,LeftController
2/24/2017 3:58:04 PM:80,-0.3150523,0.66372,0.0151391,59.45827,80.94719,22.2493,LeftController
2/24/2017 3:58:04 PM:125,-0.3170102,0.6627661,0.01611042,60.20334,79.99879,22.09851,LeftController
2/24/2017 3:58:04 PM:169,-0.3166387,0.6626723,0.01754391,60.27921,79.44849,22.02028,LeftController
2/24/2017 3:58:04 PM:214,-0.3169992,0.6628382,0.01853681,60.45681,78.6525,20.64633,LeftController
2/24/2017 3:58:04 PM:259,-0.3182414,0.6624768,0.01904058,60.89622,77.60664,19.36467,LeftController
2/24/2017 3:58:04 PM:303,-0.3198266,0.661821,0.01901245,61.40926,76.79586,18.70611,LeftController
2/24/2017 3:58:04 PM:348,-0.3215187,0.6617111,0.01829612,61.79236,76.37426,18.7948,LeftController
2/24/2017 3:58:04 PM:393,-0.3228586,0.6618309,0.01804543,62.07153,76.15779,18.88708,LeftController
2/24/2017 3:58:04 PM:438,-0.3242579,0.6619579,0.01809525,62.31578,75.69189,18.36902,LeftController
2/24/2017 3:58:04 PM:482,-0.3248856,0.6624151,0.01845086,62.53873,75.26676,17.9949,LeftController
2/24/2017 3:58:04 PM:526,-0.3260677,0.6624618,0.01827312,62.89709,74.84093,17.59875,LeftController
2/24/2017 3:58:04 PM:571,-0.3275797,0.6627673,0.01843441,63.33572,74.29656,17.04739,LeftController
2/24/2017 3:58:04 PM:616,-0.3285866,0.6627132,0.01836812,63.66489,73.86935,16.59503,LeftController
2/24/2017 3:58:04 PM:660,-0.3299778,0.6629171,0.01846743,63.75695,73.55025,16.90589,LeftController
2/24/2017 3:58:04 PM:705,-0.3310189,0.6630902,0.01821208,63.94024,73.37636,16.97073,LeftController
2/24/2017 3:58:04 PM:751,-0.3320765,0.6638327,0.01850677,64.54849,73.62983,17.46055,LeftController
2/24/2017 3:58:04 PM:794,-0.3340325,0.6655062,0.01870155,64.81261,75.67924,19.39532,LeftController
2/24/2017 3:58:04 PM:839,-0.335844,0.6678867,0.02131236,64.52309,79.41223,23.42348,LeftController
2/24/2017 3:58:04 PM:884,-0.3412702,0.667966,0.02946055,66.58142,81.05773,26.7778,LeftController
2/24/2017 3:58:04 PM:928,-0.347194,0.6670883,0.04627919,68.12048,76.97754,25.06377,LeftController
2/24/2017 3:58:04 PM:996,-0.3580043,0.6644497,0.09016526,66.12442,62.19495,10.30189,LeftController
2/24/2017 3:58:05 PM:64,-0.3588741,0.6709348,0.1255597,63.52205,50.7568,2.04645,LeftController
2/24/2017 3:58:05 PM:130,-0.357439,0.6825846,0.1677752,58.93624,41.88699,0.08884025,LeftController
2/24/2017 3:58:05 PM:186,-0.3540778,0.6882561,0.1823844,56.47594,40.79379,359.7785,LeftController
2/24/2017 3:58:05 PM:230,-0.3517818,0.6910666,0.1915752,54.65253,41.17723,357.8117,LeftController
2/24/2017 3:58:05 PM:275,-0.3494141,0.6927248,0.1918325,53.35084,44.02393,353.5459,LeftController
2/24/2017 3:58:05 PM:319,-0.3493226,0.6916838,0.1861464,54.6992,47.9776,352.1871,LeftController
2/24/2017 3:58:05 PM:365,-0.3546286,0.6881132,0.1782246,57.38371,48.53613,357.0132,LeftController
2/24/2017 3:58:05 PM:410,-0.3670461,0.683641,0.1733593,60.32449,45.89714,8.49576,LeftController
2/24/2017 3:58:05 PM:454,-0.3832982,0.6769397,0.1698947,61.86106,41.77316,16.80624,LeftController
2/24/2017 3:58:05 PM:498,-0.4039924,0.6715014,0.166032,61.9832,35.84661,16.71917,LeftController
2/24/2017 3:58:05 PM:543,-0.4284172,0.6658343,0.1599249,62.41113,27.78607,11.46919,LeftController
2/24/2017 3:58:05 PM:588,-0.4548624,0.6598644,0.1478246,64.3403,19.91497,6.748112,LeftController
2/24/2017 3:58:05 PM:632,-0.4794359,0.6536456,0.1308503,66.93192,15.14301,5.27319,LeftController
2/24/2017 3:58:05 PM:678,-0.5021076,0.6484654,0.111804,69.80704,10.26553,2.186193,LeftController
2/24/2017 3:58:05 PM:722,-0.5222945,0.6447148,0.09285367,72.24229,3.783802,358.1613,LeftController
2/24/2017 3:58:05 PM:767,-0.5405393,0.6427547,0.07483578,73.88298,353.2274,355.7325,LeftController
2/24/2017 3:58:05 PM:811,-0.5542016,0.64088,0.05566525,75.60003,341.8496,352.9414,LeftController
2/24/2017 3:58:05 PM:855,-0.5593665,0.6394922,0.03857791,77.368,339.1842,355.9666,LeftController
2/24/2017 3:58:05 PM:901,-0.5603039,0.6384488,0.02362657,79.27387,338.2152,359.8363,LeftController
2/24/2017 3:58:05 PM:945,-0.5584044,0.6382339,0.01298523,80.70309,342.9259,6.660525,LeftController
2/24/2017 3:58:05 PM:991,-0.5647142,0.6384165,0.01464951,79.58123,336.8856,5.36168,LeftController
2/24/2017 3:58:06 PM:35,-0.5707288,0.6401378,0.02133369,77.89743,337.8991,8.522853,LeftController
2/24/2017 3:58:06 PM:79,-0.5761068,0.6414256,0.02698696,77.77335,338.6796,10.0514,LeftController
2/24/2017 3:58:06 PM:124,-0.5830011,0.6434094,0.03492451,77.53841,338.6358,13.34701,LeftController
2/24/2017 3:58:06 PM:169,-0.5899153,0.6460562,0.04743743,76.3425,337.731,10.80849,LeftController
2/24/2017 3:58:06 PM:214,-0.5970912,0.6490774,0.06221545,74.34031,335.6194,7.093822,LeftController
2/24/2017 3:58:06 PM:257,-0.6027,0.6526896,0.07808793,72.36197,334.7818,5.444788,LeftController
2/24/2017 3:58:06 PM:303,-0.6050091,0.6566416,0.094087,70.48416,335.2213,5.05634,LeftController
2/24/2017 3:58:06 PM:347,-0.6040745,0.6602309,0.1092857,68.45695,337.6583,6.424918,LeftController
2/24/2017 3:58:06 PM:392,-0.6000979,0.6637675,0.1231909,66.48859,339.3667,6.518592,LeftController
2/24/2017 3:58:06 PM:437,-0.5944254,0.6659747,0.1332927,64.52763,340.0581,7.362563,LeftController
2/24/2017 3:58:06 PM:482,-0.5844455,0.6668167,0.1397213,62.99238,342.5418,8.875221,LeftController
2/24/2017 3:58:06 PM:526,-0.5697832,0.6651385,0.1394956,63.21518,345.6882,11.38616,LeftController
2/24/2017 3:58:06 PM:571,-0.552259,0.6602228,0.1313519,64.66195,349.79,14.52016,LeftController
2/24/2017 3:58:06 PM:616,-0.5336206,0.6548846,0.118121,66.88293,353.5159,16.94212,LeftController
2/24/2017 3:58:06 PM:661,-0.5141301,0.6483914,0.09882832,69.5811,359.6125,21.18834,LeftController
2/24/2017 3:58:06 PM:704,-0.4950528,0.6426098,0.07764208,72.03864,7.626585,25.67188,LeftController
2/24/2017 3:58:06 PM:750,-0.4754004,0.6394352,0.05739021,73.70064,18.40083,29.55903,LeftController
2/24/2017 3:58:06 PM:794,-0.4581301,0.6382977,0.04207349,74.65349,35.9432,42.18552,LeftController
2/24/2017 3:58:06 PM:839,-0.4493582,0.6391416,0.04243279,73.48917,47.17279,49.97023,LeftController
2/24/2017 3:58:06 PM:883,-0.456866,0.6427276,0.06496871,72.1612,35.72931,40.20968,LeftController
2/24/2017 3:58:06 PM:928,-0.47328,0.6476824,0.09397054,72.27402,24.08366,36.34998,LeftController
2/24/2017 3:58:06 PM:973,-0.489584,0.6571325,0.1316985,68.28519,15.46061,26.98727,LeftController
2/24/2017 3:58:07 PM:18,-0.5102777,0.6712308,0.173586,63.76726,7.345068,17.77582,LeftController
2/24/2017 3:58:07 PM:62,-0.5324039,0.6888287,0.2133054,59.25967,359.6595,11.78989,LeftController
2/24/2017 3:58:07 PM:107,-0.5528855,0.7080803,0.2490755,54.47105,354.5396,7.786913,LeftController
2/24/2017 3:58:07 PM:151,-0.5677474,0.727378,0.2785125,50.05529,351.7222,4.779321,LeftController
2/24/2017 3:58:07 PM:207,-0.5774646,0.7468914,0.3045138,45.84333,350.4784,2.225971,LeftController
2/24/2017 3:58:07 PM:253,-0.5773151,0.7552675,0.3151014,44.14313,350.8955,2.088248,LeftController
2/24/2017 3:58:07 PM:297,-0.5725789,0.7565364,0.3177836,43.94455,352.3841,3.535438,LeftController
2/24/2017 3:58:07 PM:341,-0.5636752,0.7514929,0.3124303,44.92041,354.0214,5.637055,LeftController
2/24/2017 3:58:07 PM:386,-0.5526209,0.7415848,0.3011832,46.5269,355.8315,7.003376,LeftController
2/24/2017 3:58:07 PM:442,-0.5356178,0.7223575,0.2766516,49.94578,358.4915,8.546304,LeftController
2/24/2017 3:58:07 PM:509,-0.5104296,0.690056,0.2292818,55.71157,1.976201,9.569441,LeftController
2/24/2017 3:58:07 PM:567,-0.4943836,0.6718638,0.1939636,59.61166,4.00034,8.972334,LeftController
2/24/2017 3:58:07 PM:621,-0.4720752,0.6522634,0.1475275,64.51511,8.016693,10.75527,LeftController
2/24/2017 3:58:07 PM:688,-0.4353383,0.633054,0.08073962,72.35663,24.71428,18.28768,LeftController
2/24/2017 3:58:07 PM:745,-0.411139,0.6313205,0.04881358,74.60638,44.84966,29.50828,LeftController
2/24/2017 3:58:07 PM:788,-0.3876684,0.6321365,0.02352798,74.90903,69.24643,43.42438,LeftController
2/24/2017 3:58:07 PM:833,-0.3615224,0.6369703,0.003616691,69.23827,98.94576,43.00303,LeftController
2/24/2017 3:58:07 PM:879,-0.3428953,0.6422684,-0.0007742643,67.62505,103.3737,23.92106,LeftController
2/24/2017 3:58:07 PM:922,-0.3249454,0.6483957,0.00512445,66.50121,98.75349,19.29248,LeftController
2/24/2017 3:58:07 PM:969,-0.3063066,0.6547291,0.008889079,62.82272,97.51256,23.94107,LeftController
2/24/2017 3:58:08 PM:12,-0.2910197,0.6596961,0.01291108,59.41115,94.93404,22.79272,LeftController
2/24/2017 3:58:08 PM:77,-0.2770214,0.6671504,0.01760077,53.04255,91.57275,15.03206,LeftController
2/24/2017 3:58:08 PM:124,-0.2672668,0.6708618,0.0230664,48.17189,87.20235,8.060326,LeftController
2/24/2017 3:58:08 PM:191,-0.2713954,0.6629666,0.03260899,52.89454,80.35107,8.850413,LeftController
2/24/2017 3:58:08 PM:235,-0.2763979,0.6607659,0.03492808,53.53669,77.61509,8.804132,LeftController
2/24/2017 3:58:08 PM:280,-0.2836618,0.6569061,0.0338217,54.52526,77.71973,10.86863,LeftController
2/24/2017 3:58:08 PM:324,-0.2934525,0.6500993,0.03272581,58.62988,78.26362,16.99016,LeftController
2/24/2017 3:58:08 PM:369,-0.3009443,0.6459624,0.03374708,61.12048,78.36678,20.88905,LeftController
2/24/2017 3:58:08 PM:414,-0.3055177,0.6441284,0.03643417,62.30568,79.11304,24.50775,LeftController
2/24/2017 3:58:08 PM:458,-0.3077919,0.6441536,0.0395577,62.61028,78.88,23.71608,LeftController
2/24/2017 3:58:08 PM:503,-0.3096251,0.6448162,0.0413729,62.5944,79.27072,20.72966,LeftController
2/24/2017 3:58:08 PM:548,-0.3107798,0.6457634,0.0414629,62.05256,80.3447,18.96464,LeftController
2/24/2017 3:58:08 PM:592,-0.3124011,0.6461427,0.04265213,62.07856,80.2304,19.48701,LeftController
2/24/2017 3:58:08 PM:637,-0.3147058,0.6454769,0.04469085,62.21595,79.1658,21.12284,LeftController
2/24/2017 3:58:08 PM:682,-0.3170183,0.645493,0.04771948,62.19945,77.59745,22.16535,LeftController
2/24/2017 3:58:08 PM:726,-0.3198159,0.6453538,0.05077565,62.2789,75.73959,22.1623,LeftController
2/24/2017 3:58:08 PM:771,-0.3226018,0.6452941,0.05324733,62.33826,73.98854,21.95758,LeftController
2/24/2017 3:58:08 PM:828,-0.3257914,0.6453168,0.05492699,62.36936,72.78975,22.17148,LeftController
2/24/2017 3:58:08 PM:871,-0.3285398,0.6451201,0.05520666,62.4249,72.41448,22.56572,LeftController
2/24/2017 3:58:08 PM:916,-0.3307588,0.6449364,0.0549866,62.67501,72.08215,22.70937,LeftController
2/24/2017 3:58:08 PM:961,-0.332417,0.6451135,0.0546236,62.67519,72.08306,22.97826,LeftController
2/24/2017 3:58:09 PM:6,-0.3329556,0.6455727,0.05453336,62.528,72.21754,23.2358,LeftController
2/24/2017 3:58:09 PM:50,-0.3339982,0.6461961,0.05466902,62.31874,72.24978,22.98499,LeftController
2/24/2017 3:58:09 PM:95,-0.3344245,0.6468855,0.05536556,62.03879,71.94284,22.82681,LeftController
2/24/2017 3:58:09 PM:140,-0.3334084,0.648355,0.05632555,61.18573,71.69967,22.70659,LeftController
2/24/2017 3:58:09 PM:196,-0.323252,0.6562423,0.06064868,55.52617,71.69967,21.9895,LeftController
2/24/2017 3:58:09 PM:263,1.644432,2.336848,-0.07019341,54.34306,64.70814,32.9251,LeftController
2/24/2017 3:58:09 PM:320,0.5426245,0.5877634,0.1021984,25.95304,27.78021,13.66198,LeftController
2/24/2017 3:58:09 PM:362,-0.07037807,0.2572762,0.3169711,18.0162,29.74925,15.05388,LeftController
2/24/2017 3:58:09 PM:407,-0.05168128,0.2514528,0.3874544,12.73676,29.67283,3.153513,LeftController
2/24/2017 3:58:09 PM:452,-0.1371539,0.1362495,0.4501019,7.937915,31.87407,1.125295,LeftController
2/24/2017 3:58:09 PM:498,-0.241878,0.02762175,0.5077479,5.534381,32.98009,6.02526,LeftController
2/24/2017 3:58:09 PM:542,-0.3448398,-0.08117795,0.5651364,4.68713,35.70722,6.96119,LeftController
2/24/2017 3:58:09 PM:586,-0.4606171,-0.2007582,0.6209205,4.104042,38.57136,10.40367,LeftController
2/24/2017 3:58:09 PM:631,-0.5694268,-0.3182487,0.6756459,5.321691,40.26284,13.64207,LeftController
2/24/2017 3:58:09 PM:675,-0.6755872,-0.4287739,0.7277814,5.601641,42.34313,14.96062,LeftController
2/24/2017 3:58:09 PM:720,-0.7899672,-0.5406594,0.7760051,4.605519,44.67092,18.30723,LeftController
2/24/2017 3:58:09 PM:765,-0.9013212,-0.6513226,0.8185389,4.560393,47.07252,20.18132,LeftController
2/24/2017 3:58:09 PM:822,-1.026751,-0.7728076,0.8675612,4.225542,51.04066,20.85188,LeftController
2/24/2017 3:58:09 PM:877,-1.142929,-0.885483,0.9188036,4.496243,52.54696,17.30311,LeftController
2/24/2017 3:58:09 PM:921,-1.225786,-0.968883,0.953107,5.5337,52.44106,13.55635,LeftController
2/24/2017 3:58:09 PM:967,-1.310962,-1.051102,0.9903539,7.00277,52.31538,10.32852,LeftController
2/24/2017 3:58:10 PM:44,-1.452874,-1.181306,1.06917,9.107734,51.77905,8.572482,LeftController
2/24/2017 3:58:10 PM:114,-1.520637,-1.248697,1.105516,10.06046,51.18743,9.16655,LeftController
2/24/2017 3:58:10 PM:179,-1.602311,-1.331071,1.148572,11.30201,49.21687,8.646132,LeftController
2/24/2017 3:58:10 PM:223,-1.66143,-1.392656,1.177356,13.33974,47.71001,8.891247,LeftController
2/24/2017 3:58:10 PM:270,0.2548971,0.409825,0.3602805,17.48027,44.89244,8.026244,LeftController
2/24/2017 3:58:10 PM:323,0.2029474,0.3722998,0.3688687,21.68554,44.86161,12.08441,LeftController
2/24/2017 3:58:10 PM:391,0.1648991,0.3250755,0.3862605,26.75804,42.778,17.60316,LeftController
2/24/2017 3:58:10 PM:448,0.1628993,0.3200587,0.3944467,28.23028,40.48529,17.51411,LeftController
2/24/2017 3:58:10 PM:491,0.1602714,0.3176862,0.3934896,29.58305,38.45414,16.89666,LeftController
2/24/2017 3:58:10 PM:536,0.1570733,0.3144931,0.39583,30.84607,37.44655,16.61379,LeftController
2/24/2017 3:58:10 PM:583,0.1586146,0.3114783,0.3945888,32.05019,38.20263,16.74306,LeftController
2/24/2017 3:58:10 PM:625,0.1610775,0.3128413,0.3878963,32.73881,39.2056,17.64548,LeftController
2/24/2017 3:58:10 PM:670,0.1619387,0.3119354,0.3845942,33.53827,40.27144,17.66683,LeftController
2/24/2017 3:58:10 PM:726,0.1608925,0.3140042,0.3846098,33.90404,42.71134,18.42848,LeftController
2/24/2017 3:58:10 PM:793,0.163425,0.3139125,0.382491,34.11464,44.6568,18.34465,LeftController
2/24/2017 3:58:10 PM:838,0.1656213,0.3147932,0.3817772,34.33796,45.24092,18.03218,LeftController
2/24/2017 3:58:10 PM:883,0.1666598,0.3142169,0.382589,34.48866,46.02202,18.00429,LeftController
2/24/2017 3:58:10 PM:938,0.1683202,0.3156105,0.3816843,35.04488,46.44781,17.90288,LeftController
2/24/2017 3:58:10 PM:983,0.1680593,0.3140975,0.381891,35.51723,46.8966,18.47622,LeftController
2/24/2017 3:58:11 PM:27,0.1681254,0.3138543,0.3808216,35.9737,47.03349,18.4099,LeftController
2/24/2017 3:58:11 PM:73,0.1676893,0.3140149,0.3812793,36.36036,47.2511,18.57916,LeftController
2/24/2017 3:58:11 PM:128,0.1680524,0.3129998,0.3806887,36.62679,47.80039,18.37038,LeftController
2/24/2017 3:58:11 PM:173,0.1686068,0.3135829,0.3815516,36.89252,48.01534,18.17028,LeftController
2/24/2017 3:58:11 PM:219,0.1689773,0.3128908,0.381753,37.07479,48.40607,17.94204,LeftController
2/24/2017 3:58:11 PM:261,0.1695695,0.313143,0.3813878,37.20237,48.65986,17.83407,LeftController
2/24/2017 3:58:11 PM:307,0.1704309,0.3136487,0.3818676,37.65114,48.85278,17.43458,LeftController
2/24/2017 3:58:11 PM:351,0.1700094,0.3126196,0.3822212,37.91928,49.14978,17.44992,LeftController
2/24/2017 3:58:11 PM:397,0.1713016,0.3135097,0.3822516,38.30569,49.26454,17.12501,LeftController
2/24/2017 3:58:11 PM:441,0.1709468,0.3132443,0.3820401,38.46564,49.47434,16.95113,LeftController
2/24/2017 3:58:11 PM:486,0.1711254,0.3126434,0.3828573,38.77195,49.91094,16.83243,LeftController
2/24/2017 3:58:11 PM:531,0.1719313,0.3132856,0.3825551,39.14221,50.16204,16.37505,LeftController
2/24/2017 3:58:11 PM:575,0.1722579,0.3131665,0.3832672,39.31503,50.52069,16.43224,LeftController
2/24/2017 3:58:11 PM:619,0.1720231,0.3126442,0.3832793,39.5714,50.88147,16.49456,LeftController
2/24/2017 3:58:11 PM:664,0.172967,0.3127913,0.3834507,39.95277,50.94473,16.353,LeftController
2/24/2017 3:58:11 PM:710,0.1720636,0.3121477,0.3829502,40.0526,50.90663,16.52078,LeftController
2/24/2017 3:58:11 PM:753,0.1719012,0.3117331,0.3843184,40.30956,51.02101,16.76875,LeftController
2/24/2017 3:58:11 PM:798,0.1716096,0.3111202,0.3845321,40.51945,50.97344,16.96375,LeftController
2/24/2017 3:58:11 PM:843,0.1704059,0.3096317,0.3846196,40.78037,50.88446,17.07133,LeftController
2/24/2017 3:58:11 PM:888,0.1689415,0.3087777,0.3857039,41.03655,50.81628,17.2566,LeftController
2/24/2017 3:58:11 PM:933,0.1694944,0.3086624,0.3856914,41.47084,50.58453,17.20493,LeftController
2/24/2017 3:58:11 PM:977,0.168225,0.3076527,0.3854386,41.61414,50.28568,17.29342,LeftController
2/24/2017 3:58:12 PM:22,0.1680558,0.3082615,0.3851885,41.84846,50.23024,17.6181,LeftController
2/24/2017 3:58:12 PM:67,0.1685133,0.3078007,0.3844978,42.21528,50.14757,17.44537,LeftController
2/24/2017 3:58:12 PM:111,0.1671278,0.3071485,0.3841983,42.36031,50.06547,17.43527,LeftController
2/24/2017 3:58:12 PM:156,0.1663537,0.3071157,0.3850962,42.51847,50.21699,17.65663,LeftController
2/24/2017 3:58:12 PM:200,0.1664138,0.3066711,0.3842188,42.88157,50.38491,17.45055,LeftController
2/24/2017 3:58:12 PM:246,0.1657834,0.3057076,0.383513,43.03025,50.46578,17.37962,LeftController
2/24/2017 3:58:12 PM:290,0.1650982,0.3058759,0.3837918,43.2435,50.75658,17.33474,LeftController
2/24/2017 3:58:12 PM:335,0.1660795,0.3058923,0.3829694,43.53027,51.14456,17.15212,LeftController
2/24/2017 3:58:12 PM:379,0.1659214,0.3055475,0.3819357,43.52313,51.3918,17.13589,LeftController
2/24/2017 3:58:12 PM:424,0.1659057,0.3064165,0.381314,43.65629,51.78865,17.1249,LeftController
2/24/2017 3:58:12 PM:468,0.1664414,0.3059149,0.3818806,43.85183,51.92392,17.09187,LeftController
2/24/2017 3:58:12 PM:512,0.1654117,0.3056463,0.3808453,43.90337,51.77732,17.0505,LeftController
2/24/2017 3:58:12 PM:558,0.1645365,0.305643,0.3821892,44.10256,51.69426,17.03036,LeftController
2/24/2017 3:58:12 PM:602,0.1650791,0.3055388,0.3817729,44.32626,51.58492,16.96363,LeftController
2/24/2017 3:58:12 PM:647,0.1642466,0.3051322,0.3812453,44.30338,51.33374,16.90927,LeftController
2/24/2017 3:58:12 PM:692,0.1630661,0.3056223,0.3820342,44.38589,51.41006,17.0442,LeftController
2/24/2017 3:58:12 PM:736,0.1626234,0.3047585,0.3828824,44.63469,51.48029,16.98716,LeftController
2/24/2017 3:58:12 PM:782,0.1616466,0.3045508,0.3818623,44.60775,51.42202,16.92341,LeftController
2/24/2017 3:58:12 PM:826,0.161335,0.3051374,0.3823204,44.76401,51.66306,17.06018,LeftController
2/24/2017 3:58:12 PM:870,0.1612175,0.3044519,0.3825825,44.9287,51.62063,17.00647,LeftController
2/24/2017 3:58:12 PM:915,0.1598382,0.3040199,0.3820193,44.8903,51.34688,16.99534,LeftController
2/24/2017 3:58:12 PM:961,0.1589124,0.304515,0.3823949,44.99179,51.32254,17.02803,LeftController
2/24/2017 3:58:13 PM:4,0.158375,0.3040977,0.3829765,45.20169,51.17636,16.80211,LeftController
2/24/2017 3:58:13 PM:49,0.156889,0.3046041,0.3824573,45.15046,51.06481,16.7418,LeftController
2/24/2017 3:58:13 PM:94,0.1576049,0.3051617,0.3826388,45.18213,51.21485,16.65041,LeftController
2/24/2017 3:58:13 PM:138,0.1575916,0.3044143,0.383461,45.31989,51.35992,16.47312,LeftController
2/24/2017 3:58:13 PM:183,0.1558771,0.3047734,0.3819702,45.30589,51.50031,16.44656,LeftController
2/24/2017 3:58:13 PM:227,0.1562219,0.3046657,0.3820655,45.49574,51.69146,16.55942,LeftController
2/24/2017 3:58:13 PM:273,0.1558216,0.3034865,0.3818575,45.77847,51.71832,16.57215,LeftController
2/24/2017 3:58:13 PM:317,0.1540086,0.3038573,0.3807356,45.8144,51.56335,16.71883,LeftController
2/24/2017 3:58:13 PM:361,0.154084,0.3039329,0.380973,45.93403,51.4454,16.79599,LeftController
2/24/2017 3:58:13 PM:407,0.1525173,0.3027565,0.3798164,46.03901,51.27576,16.6072,LeftController
2/24/2017 3:58:13 PM:474,0.1510518,0.3019899,0.3791528,46.30607,51.37531,16.60403,LeftController
2/24/2017 3:58:13 PM:529,0.1508231,0.3017418,0.3793069,46.54234,51.55924,16.54609,LeftController
2/24/2017 3:58:13 PM:599,0.1514277,0.3026222,0.379171,46.4186,51.71469,16.4703,LeftController
2/24/2017 3:58:13 PM:652,0.150295,0.3029863,0.3783369,46.34568,51.76756,16.1672,LeftController
2/24/2017 3:58:13 PM:697,0.1506746,0.3029885,0.3782427,46.52978,51.88152,16.02689,LeftController
2/24/2017 3:58:13 PM:743,0.1503999,0.3023221,0.3771268,46.57106,51.73692,15.77324,LeftController
2/24/2017 3:58:13 PM:786,0.1505404,0.3029467,0.376834,46.89606,51.80679,15.68431,LeftController
2/24/2017 3:58:13 PM:831,0.152822,0.3030199,0.3757781,47.15281,52.20293,15.66753,LeftController
2/24/2017 3:58:13 PM:875,0.154736,0.3030275,0.37334,47.24541,52.72221,15.45357,LeftController
2/24/2017 3:58:13 PM:920,0.156034,0.3035375,0.3726974,47.16901,53.74086,15.63912,LeftController
2/24/2017 3:58:13 PM:987,0.163084,0.3055221,0.3679174,47.12061,55.86629,15.44665,LeftController
2/24/2017 3:58:14 PM:43,0.1660571,0.3051332,0.3645706,47.14025,57.25498,15.18738,LeftController
2/24/2017 3:58:14 PM:89,0.1691122,0.3057379,0.3612385,47.1778,58.63433,14.79387,LeftController
2/24/2017 3:58:14 PM:133,0.1737363,0.3065107,0.3584483,47.16861,59.97822,14.45832,LeftController
2/24/2017 3:58:14 PM:177,0.177886,0.3075517,0.3555669,47.1242,61.15794,14.33778,LeftController
2/24/2017 3:58:14 PM:222,0.1816723,0.3095667,0.3523487,47.21514,62.44877,14.32383,LeftController
2/24/2017 3:58:14 PM:267,0.1836324,0.3094225,0.3497655,47.28374,63.4838,14.46712,LeftController
2/24/2017 3:58:14 PM:311,0.1851695,0.3094715,0.3474811,47.34885,64.0285,14.567,LeftController
2/24/2017 3:58:14 PM:356,0.1859016,0.3109384,0.3451046,47.49139,64.39242,14.75333,LeftController
2/24/2017 3:58:14 PM:401,0.1853416,0.309018,0.3444707,47.71085,64.55726,14.83205,LeftController
2/24/2017 3:58:14 PM:445,0.1840296,0.3081521,0.3439462,47.81496,64.24498,15.04259,LeftController
2/24/2017 3:58:14 PM:490,0.182735,0.3080121,0.343617,48.05216,63.79494,15.08686,LeftController
2/24/2017 3:58:14 PM:535,0.1806681,0.3060596,0.3441976,48.26367,63.12839,15.14138,LeftController
2/24/2017 3:58:14 PM:579,0.1776137,0.3051374,0.3447331,48.38689,62.36611,15.39885,LeftController
2/24/2017 3:58:14 PM:624,0.1764708,0.3043368,0.3473086,48.76144,61.75917,15.74677,LeftController
2/24/2017 3:58:14 PM:680,0.1745915,0.3019398,0.3470641,49.2142,60.87547,16.05384,LeftController
2/24/2017 3:58:14 PM:736,0.173172,0.3017565,0.3468601,49.46747,60.75826,16.34935,LeftController
2/24/2017 3:58:14 PM:781,0.1724489,0.301074,0.3460764,49.60558,60.66432,16.61002,LeftController
2/24/2017 3:58:14 PM:825,0.172348,0.3017081,0.345322,49.70582,60.94458,16.96754,LeftController
2/24/2017 3:58:14 PM:871,0.1722467,0.3012029,0.3449845,49.85785,61.23509,17.17418,LeftController
2/24/2017 3:58:14 PM:914,0.172919,0.3006104,0.3440477,49.95627,61.44863,17.32825,LeftController
2/24/2017 3:58:14 PM:959,0.1726773,0.3014506,0.3433235,50.11707,61.70532,17.44481,LeftController
2/24/2017 3:58:15 PM:4,0.1729634,0.3005897,0.3436263,50.28803,61.90959,17.48535,LeftController
2/24/2017 3:58:15 PM:49,0.1721401,0.3008289,0.3429581,50.38388,62.15153,17.57322,LeftController
2/24/2017 3:58:15 PM:93,0.1733038,0.3007857,0.3428481,50.42093,62.42546,17.61576,LeftController
2/24/2017 3:58:15 PM:138,0.1736925,0.3003654,0.3429776,50.48966,62.62713,17.44425,LeftController
2/24/2017 3:58:15 PM:185,0.1737373,0.3002756,0.342274,50.53009,62.67697,17.37369,LeftController
2/24/2017 3:58:15 PM:261,0.1743052,0.3011994,0.343073,50.63357,62.60236,16.81666,LeftController
2/24/2017 3:58:15 PM:316,0.1739442,0.3013862,0.3432304,50.67362,62.30912,16.54823,LeftController
2/24/2017 3:58:15 PM:362,0.1759212,0.3019062,0.3433595,50.64409,62.25862,16.26579,LeftController
2/24/2017 3:58:15 PM:406,0.1776607,0.3027498,0.343109,50.63683,62.45285,16.0513,LeftController
2/24/2017 3:58:15 PM:451,0.1784556,0.3047081,0.3393047,50.30872,63.17077,15.7065,LeftController
2/24/2017 3:58:15 PM:496,0.182749,0.3073708,0.3356369,49.91616,64.49233,15.0356,LeftController
2/24/2017 3:58:15 PM:539,0.1867449,0.3102838,0.3293368,49.18343,66.48647,14.31284,LeftController
2/24/2017 3:58:15 PM:607,0.1938047,0.3164568,0.3183421,48.46037,69.26135,14.5083,LeftController
2/24/2017 3:58:15 PM:676,0.1999817,0.3218478,0.3085724,47.79068,69.52378,15.55794,LeftController
2/24/2017 3:58:15 PM:718,0.2011166,0.3257469,0.3035574,47.27803,69.14901,15.85388,LeftController
2/24/2017 3:58:15 PM:786,0.2071459,0.3312699,0.2901591,46.93296,68.61462,15.96826,LeftController
2/24/2017 3:58:15 PM:842,0.2120807,0.3344344,0.2798598,46.4161,69.07445,17.28829,LeftController
2/24/2017 3:58:15 PM:886,0.2149208,0.3390023,0.2712307,45.96844,69.75482,17.78292,LeftController
2/24/2017 3:58:15 PM:931,0.2211292,0.343519,0.2602178,45.95864,70.31274,17.58055,LeftController
2/24/2017 3:58:15 PM:977,0.226464,0.3472457,0.2545713,45.61724,70.75337,17.65892,LeftController
2/24/2017 3:58:16 PM:19,0.2329311,0.3538607,0.2448986,44.87945,70.73157,17.85894,LeftController
2/24/2017 3:58:16 PM:65,0.2323768,0.3531182,0.2420847,44.21123,70.50105,18.48298,LeftController
2/24/2017 3:58:16 PM:110,0.2371576,0.3563607,0.233292,43.82078,70.11689,18.83032,LeftController
2/24/2017 3:58:16 PM:155,0.238848,0.3610218,0.22737,43.1415,69.93859,18.58176,LeftController
2/24/2017 3:58:16 PM:222,0.2421472,0.3644009,0.2182006,42.91397,70.31458,18.94402,LeftController
2/24/2017 3:58:16 PM:277,0.2415862,0.3623732,0.2148099,43.12526,70.9743,19.43281,LeftController
2/24/2017 3:58:16 PM:322,0.2390895,0.3601387,0.2147846,43.12659,71.33397,19.48195,LeftController
2/24/2017 3:58:16 PM:366,0.2363026,0.3560553,0.2161859,43.29158,71.60877,19.65915,LeftController
2/24/2017 3:58:16 PM:411,0.2321811,0.3506652,0.2178942,43.77626,71.63677,19.78205,LeftController
2/24/2017 3:58:16 PM:456,0.2255995,0.3454194,0.2221273,44.33164,71.31576,19.28863,LeftController
2/24/2017 3:58:16 PM:500,0.2268498,0.3466846,0.2221133,44.93763,71.10071,18.29018,LeftController
2/24/2017 3:58:16 PM:545,0.2242172,0.3443376,0.2242801,45.27454,70.30016,18.0333,LeftController
2/24/2017 3:58:16 PM:593,0.220607,0.3414475,0.2314975,45.87513,68.6236,17.82361,LeftController
2/24/2017 3:58:16 PM:635,0.2161479,0.339316,0.2396661,46.68941,65.91285,17.82932,LeftController
2/24/2017 3:58:16 PM:679,0.2120614,0.3392426,0.2461609,47.64233,61.93181,19.54744,LeftController
2/24/2017 3:58:16 PM:735,0.2027643,0.3360972,0.2616655,48.65289,53.3422,23.24103,LeftController
2/24/2017 3:58:16 PM:781,0.1936774,0.3320974,0.2701046,48.15856,49.14121,24.35292,LeftController
2/24/2017 3:58:16 PM:824,0.1841869,0.328217,0.2817205,48.10564,47.24676,24.04051,LeftController
2/24/2017 3:58:16 PM:869,0.1809278,0.3280313,0.2913362,48.42832,46.94207,23.01931,LeftController
2/24/2017 3:58:16 PM:936,0.1736784,0.3233004,0.3127773,48.95546,45.49894,20.90377,LeftController
2/24/2017 3:58:17 PM:3,0.1646819,0.3182478,0.3340913,49.27047,42.00808,17.64106,LeftController
2/24/2017 3:58:17 PM:48,0.1593819,0.3154896,0.3397382,49.33562,40.11041,15.66192,LeftController
2/24/2017 3:58:17 PM:93,0.1501305,0.3098702,0.3558605,49.90646,38.88427,14.39147,LeftController
2/24/2017 3:58:17 PM:137,0.1446819,0.3078307,0.3688592,50.72795,38.27648,12.81859,LeftController
2/24/2017 3:58:17 PM:182,0.1365499,0.3065941,0.3790734,51.56146,38.0823,9.925992,LeftController
2/24/2017 3:58:17 PM:237,0.1270769,0.3052543,0.4014184,53.35772,37.47623,2.17711,LeftController
2/24/2017 3:58:17 PM:283,0.1200049,0.3042377,0.4157928,53.70163,35.33252,354.5802,LeftController
2/24/2017 3:58:17 PM:327,0.1139548,0.3024724,0.4375547,53.42782,34.51694,349.1812,LeftController
2/24/2017 3:58:17 PM:371,0.1195726,0.3071436,0.4522203,52.09995,34.9172,344.6728,LeftController
2/24/2017 3:58:17 PM:416,0.1254377,0.3089695,0.4537739,49.57311,36.55121,342.0686,LeftController
2/24/2017 3:58:17 PM:461,0.1284294,0.3132132,0.4607121,47.39775,37.90263,340.4964,LeftController
2/24/2017 3:58:17 PM:506,0.1371124,0.3239957,0.4445199,46.22645,39.25481,340.9135,LeftController
2/24/2017 3:58:17 PM:551,0.1466565,0.3218913,0.4237123,46.72969,43.8631,345.0633,LeftController
2/24/2017 3:58:17 PM:596,0.1605413,0.320581,0.3887162,48.62249,51.30936,351.0899,LeftController
2/24/2017 3:58:17 PM:651,0.1731455,0.3172514,0.3423719,51.3487,63.94218,357.7253,LeftController
2/24/2017 3:58:17 PM:718,0.1837399,0.3141075,0.2797626,53.25283,95.95844,32.79533,LeftController
2/24/2017 3:58:17 PM:797,0.1995029,0.3084552,0.2944336,52.16702,90.75645,7.364769,LeftController
2/24/2017 3:58:17 PM:874,0.2116151,0.3193191,0.3200821,52.605,70.07366,15.62234,LeftController
2/24/2017 3:58:17 PM:932,0.2060978,0.3263091,0.3288769,49.95187,64.8443,14.24389,LeftController
2/24/2017 3:58:17 PM:974,0.2058032,0.3303317,0.3345984,47.02538,62.83179,7.086178,LeftController
2/24/2017 3:58:18 PM:19,0.2046499,0.3299251,0.3398868,47.02182,61.54263,3.630213,LeftController
2/24/2017 3:58:18 PM:64,0.2006178,0.3315965,0.3469326,48.52578,59.76701,4.002749,LeftController
2/24/2017 3:58:18 PM:110,0.194838,0.3275954,0.3435792,49.38578,59.4253,5.024114,LeftController
2/24/2017 3:58:18 PM:154,0.1891193,0.3216851,0.3372368,50.89952,60.60728,4.806037,LeftController
2/24/2017 3:58:18 PM:198,0.1820982,0.3161566,0.3290434,52.63904,62.13218,4.879317,LeftController
2/24/2017 3:58:18 PM:243,0.1740079,0.3072435,0.3206811,54.12981,63.59121,6.011756,LeftController
2/24/2017 3:58:18 PM:287,0.1661904,0.300617,0.312029,57.31444,65.4288,11.5737,LeftController
2/24/2017 3:58:18 PM:332,0.1630473,0.2925569,0.2979246,59.89662,69.52507,19.2525,LeftController
2/24/2017 3:58:18 PM:377,0.1674011,0.2925735,0.304283,58.62358,67.68401,16.30055,LeftController
2/24/2017 3:58:18 PM:433,0.1712286,0.2998847,0.3125829,55.00123,65.50284,13.24877,LeftController
2/24/2017 3:58:18 PM:500,0.1748896,0.3077985,0.3344631,52.16328,63.76121,10.28978,LeftController
2/24/2017 3:58:18 PM:555,0.1771619,0.313099,0.35329,50.52695,57.96355,4.227459,LeftController
2/24/2017 3:58:18 PM:599,0.179126,0.3226371,0.3764923,47.21031,54.57337,359.7826,LeftController
2/24/2017 3:58:18 PM:645,0.177557,0.3332195,0.3877395,43.63656,51.06174,356.8052,LeftController
2/24/2017 3:58:18 PM:689,0.1765759,0.3376436,0.4007944,41.83425,48.72757,355.6205,LeftController
2/24/2017 3:58:18 PM:735,0.1718955,0.342917,0.4108701,41.49791,47.78681,354.7118,LeftController
2/24/2017 3:58:18 PM:789,0.1631892,0.3357685,0.4057596,42.46812,48.55111,354.6097,LeftController
2/24/2017 3:58:18 PM:857,0.1628754,0.3256091,0.3879961,45.6212,51.60855,356.1306,LeftController
2/24/2017 3:58:18 PM:914,0.161314,0.3206208,0.3697762,48.25106,54.25812,357.3927,LeftController
2/24/2017 3:58:18 PM:958,0.158066,0.3165317,0.3490151,50.71665,57.92939,359.5078,LeftController
2/24/2017 3:58:19 PM:2,0.1554224,0.3097607,0.3217925,52.75911,61.64722,2.50428,LeftController
2/24/2017 3:58:19 PM:48,0.1547902,0.3048655,0.3051741,55.08276,66.61619,7.409375,LeftController
2/24/2017 3:58:19 PM:91,0.1578157,0.3042717,0.2803686,58.62931,77.23689,20.92912,LeftController
2/24/2017 3:58:19 PM:136,0.1578562,0.2972746,0.2794343,57.69727,76.89745,16.28628,LeftController
2/24/2017 3:58:19 PM:180,0.1700161,0.3143288,0.2958578,54.27399,72.1049,8.083013,LeftController
2/24/2017 3:58:19 PM:249,0.1708558,0.3155326,0.3140079,50.25348,70.43373,5.852206,LeftController
2/24/2017 3:58:19 PM:304,0.1682663,0.3188859,0.3268093,49.29165,65.48839,1.897193,LeftController
2/24/2017 3:58:19 PM:348,0.1679974,0.3216782,0.3386334,48.26854,62.2326,359.4482,LeftController
2/24/2017 3:58:19 PM:394,0.1627052,0.3222176,0.3525492,47.37262,59.80262,357.3011,LeftController
2/24/2017 3:58:19 PM:438,0.1627798,0.3280741,0.3626018,47.46756,57.45111,354.6467,LeftController
2/24/2017 3:58:19 PM:482,0.1599994,0.3255038,0.3618833,47.65464,55.85216,352.7744,LeftController
2/24/2017 3:58:19 PM:527,0.1547861,0.3212334,0.3617109,48.02779,56.01586,352.8276,LeftController
2/24/2017 3:58:19 PM:572,0.1558671,0.321034,0.3477117,49.33236,57.4609,354.1233,LeftController
2/24/2017 3:58:19 PM:617,0.1559339,0.3176419,0.3326619,50.90171,59.9213,356.1342,LeftController
2/24/2017 3:58:19 PM:661,0.1577327,0.3164841,0.3101643,52.51797,63.58591,359.2225,LeftController
2/24/2017 3:58:19 PM:707,0.1542463,0.3095051,0.2876403,54.45082,68.27556,3.639331,LeftController
2/24/2017 3:58:19 PM:751,0.1513989,0.3078638,0.2746907,56.73218,74.25423,10.41009,LeftController
2/24/2017 3:58:19 PM:796,0.1530147,0.3047175,0.2581618,59.03635,83.56127,21.66516,LeftController
2/24/2017 3:58:19 PM:854,0.1512384,0.3007916,0.2694186,58.2502,79.05911,14.36033,LeftController
2/24/2017 3:58:19 PM:896,0.1574233,0.3046993,0.2739331,56.60823,74.05751,7.241952,LeftController
2/24/2017 3:58:19 PM:941,0.1566346,0.3046747,0.2820216,55.56493,69.73548,4.316998,LeftController
2/24/2017 3:58:19 PM:985,0.155477,0.3067548,0.2876344,55.0922,67.73232,4.785238,LeftController
2/24/2017 3:58:20 PM:31,0.1551645,0.3071506,0.2915161,54.14445,65.94089,2.869831,LeftController
2/24/2017 3:58:20 PM:75,0.1550698,0.307777,0.2911985,53.79361,65.33593,1.555282,LeftController
2/24/2017 3:58:20 PM:120,0.1550684,0.3071859,0.2883366,54.20522,65.27357,1.683421,LeftController
2/24/2017 3:58:20 PM:164,0.1536949,0.3060415,0.2841572,54.66878,65.85823,2.440499,LeftController
2/24/2017 3:58:20 PM:208,0.1537564,0.3067412,0.2777177,55.18954,67.22146,3.568385,LeftController
2/24/2017 3:58:20 PM:253,0.1532838,0.3059143,0.2687924,56.02911,69.06444,5.381269,LeftController
2/24/2017 3:58:20 PM:310,0.1522832,0.3013457,0.2607232,57.88342,73.75697,11.56388,LeftController
2/24/2017 3:58:20 PM:378,0.1554704,0.3010176,0.2649809,57.16011,71.77479,9.608681,LeftController
2/24/2017 3:58:20 PM:433,0.1555145,0.303982,0.2695864,56.00712,69.2893,6.937628,LeftController
2/24/2017 3:58:20 PM:477,0.1540692,0.3055347,0.2717576,55.07555,67.56427,5.104701,LeftController
2/24/2017 3:58:20 PM:523,0.152189,0.3056087,0.273645,54.57566,67.10355,3.952426,LeftController
2/24/2017 3:58:20 PM:566,0.150075,0.3046864,0.2739915,54.69075,66.79481,3.192858,LeftController
2/24/2017 3:58:20 PM:611,0.1485281,0.3040147,0.2722392,55.24752,67.04414,3.24446,LeftController
2/24/2017 3:58:20 PM:656,0.1464567,0.3013946,0.2694496,56.20078,67.81583,4.297869,LeftController
2/24/2017 3:58:20 PM:700,0.1451926,0.2995985,0.2657701,57.03012,68.78929,5.672506,LeftController
2/24/2017 3:58:20 PM:745,0.1459205,0.2988631,0.2637492,57.17812,69.95602,6.463077,LeftController
2/24/2017 3:58:20 PM:789,0.1471965,0.3006923,0.2619383,56.70764,70.60336,6.290355,LeftController
2/24/2017 3:58:20 PM:835,0.1481187,0.3023877,0.2630019,55.90638,70.27602,5.00176,LeftController
2/24/2017 3:58:20 PM:879,0.1489975,0.3037574,0.2645111,55.03373,69.87347,4.103239,LeftController
2/24/2017 3:58:20 PM:924,0.1483212,0.3048826,0.2653565,54.60252,69.42342,3.631294,LeftController
2/24/2017 3:58:20 PM:969,0.1477869,0.304687,0.2656189,54.55596,69.27567,3.659688,LeftController
2/24/2017 3:58:21 PM:13,0.1454604,0.3032818,0.2655621,54.73513,69.0768,3.972242,LeftController
2/24/2017 3:58:21 PM:60,0.1434774,0.302305,0.2652653,55.08435,69.66555,4.943617,LeftController
2/24/2017 3:58:21 PM:102,0.1424518,0.3016574,0.2642057,55.47792,70.17483,5.75731,LeftController
2/24/2017 3:58:21 PM:148,0.1416249,0.30129,0.2641413,55.41708,70.31641,5.810499,LeftController
2/24/2017 3:58:21 PM:192,0.141535,0.3013976,0.2639781,55.21401,70.71706,6.052272,LeftController
2/24/2017 3:58:21 PM:237,0.1418853,0.3023417,0.2647774,54.94479,70.542,5.610202,LeftController
2/24/2017 3:58:21 PM:281,0.1410868,0.3026608,0.2653071,54.49592,70.43375,5.338255,LeftController
2/24/2017 3:58:21 PM:325,0.1407185,0.3027416,0.2649083,54.34166,70.33535,5.343951,LeftController
